0 0.426056 0.036272 0.029930 0.025670
0 0.041373 0.051339 0.038732 0.029018
0 0.899648 0.078683 0.028169 0.018973
0 0.685739 0.118304 0.056338 0.044085
0 0.095070 0.219866 0.062500 0.041853
0 0.688380 0.376116 0.046655 0.032924
0 0.258803 0.414062 0.045775 0.023996
0 0.318662 0.428571 0.032570 0.030692
0 0.630282 0.591518 0.029930 0.025670
0 0.249120 0.597098 0.029930 0.025670
0 0.700704 0.697545 0.025528 0.021763
0 0.579225 0.714286 0.035211 0.028460
0 0.807218 0.788504 0.059859 0.044643
0 0.695423 0.800781 0.043134 0.041295
