0 0.943662 0.233259 0.044894 0.028460
0 0.531690 0.250000 0.044014 0.022879
0 0.845070 0.309710 0.031690 0.027902
0 0.189261 0.333705 0.038732 0.029018
0 0.904049 0.362723 0.028169 0.022879
0 0.528169 0.390625 0.071303 0.037388
0 0.051056 0.584821 0.026408 0.020647
0 0.357394 0.700893 0.036972 0.026228
0 0.959507 0.707031 0.032570 0.025670
0 0.466549 0.718750 0.028169 0.023996
0 0.632923 0.726562 0.029930 0.028460
0 0.738556 0.727679 0.065141 0.045759
0 0.164613 0.843750 0.026408 0.023438
0 0.798415 0.847098 0.044014 0.032366
0 0.626761 0.860491 0.041373 0.036272
