0 0.393486 0.004464 0.061620 0.008371
1 0.348592 0.016741 0.037852 0.032924
1 0.286972 0.035714 0.036972 0.032366
1 0.160211 0.049107 0.030810 0.020647
1 0.632042 0.045201 0.040493 0.032366
0 0.611796 0.058036 0.061620 0.014509
0 0.057218 0.058036 0.061620 0.014509
1 0.570423 0.058036 0.029049 0.020089
0 0.274648 0.064732 0.091549 0.012277
1 0.021127 0.058036 0.041373 0.025670
1 0.524648 0.061384 0.039613 0.025670
1 0.214789 0.064732 0.037852 0.032924
2 0.632042 0.076451 0.050176 0.030134
2 0.235915 0.083705 0.025528 0.023996
2 0.159331 0.140067 0.028169 0.026786
1 0.544014 0.176897 0.032570 0.021205
2 0.309859 0.217634 0.039613 0.027344
0 0.941021 0.227679 0.095070 0.010045
1 0.106514 0.224330 0.040493 0.025670
1 0.879401 0.227679 0.036972 0.023438
2 0.974472 0.242188 0.051056 0.042969
1 0.568662 0.276228 0.029049 0.020089
1 0.026408 0.279018 0.030810 0.020647
1 0.623239 0.276228 0.036972 0.030134
2 0.026408 0.301339 0.042254 0.027902
1 0.447183 0.329241 0.034331 0.031808
2 0.411972 0.339844 0.023768 0.020089
0 0.598592 0.354911 0.058099 0.013393
1 0.554577 0.354911 0.039613 0.025112
1 0.294014 0.354911 0.037852 0.032924
0 0.122359 0.371652 0.086268 0.010603
1 0.066901 0.371652 0.034331 0.030134
0 0.482394 0.383929 0.033451 0.009487
1 0.455106 0.383929 0.029930 0.021205
1 0.732394 0.400112 0.042254 0.024554
1 0.894366 0.436942 0.030810 0.020089
1 0.586268 0.446429 0.039613 0.033482
2 0.586268 0.466518 0.043134 0.032924
2 0.914613 0.478795 0.036972 0.022321
2 0.691901 0.533482 0.036972 0.035156
0 0.710387 0.555804 0.065141 0.014509
1 0.661972 0.555804 0.040493 0.025670
1 0.933979 0.560268 0.031690 0.021763
1 0.797535 0.627790 0.029049 0.020089
1 0.360915 0.714844 0.033451 0.022321
1 0.626761 0.739955 0.028169 0.020089
1 0.417254 0.744420 0.031690 0.022321
0 0.349472 0.802455 0.095070 0.012277
1 0.287852 0.802455 0.036972 0.023438
1 0.631162 0.824777 0.036972 0.029576
0 0.923415 0.835379 0.059859 0.011161
1 0.880282 0.835379 0.035211 0.023438
0 0.092430 0.844308 0.061620 0.012277
1 0.955986 0.835938 0.036972 0.029576
1 0.051056 0.843750 0.029930 0.020647
2 0.854753 0.854911 0.033451 0.022321
1 0.353873 0.858259 0.040493 0.025112
1 0.854753 0.863281 0.026408 0.021205
2 0.072183 0.860491 0.048415 0.046317
2 0.631162 0.892857 0.036972 0.027902
