1 0.697183 0.017857 0.026408 0.021205
1 0.402289 0.018973 0.040493 0.025670
2 0.426937 0.024554 0.063380 0.040179
1 0.035211 0.044643 0.041373 0.025112
1 0.644366 0.089844 0.039613 0.025670
0 0.623239 0.125000 0.087148 0.011161
1 0.570423 0.125000 0.026408 0.021205
0 0.975352 0.133929 0.049296 0.012277
2 0.643486 0.133371 0.021127 0.016741
1 0.936620 0.133929 0.036972 0.029018
0 0.713028 0.180804 0.063380 0.012277
0 0.556338 0.182478 0.091549 0.013393
1 0.671655 0.180804 0.028169 0.022321
1 0.494718 0.182478 0.040493 0.032366
0 0.514965 0.198661 0.063380 0.013393
1 0.803697 0.192522 0.036972 0.032366
1 0.364437 0.193080 0.034331 0.031808
1 0.473592 0.198661 0.030810 0.020647
0 0.220070 0.215402 0.033451 0.011161
0 0.904930 0.221540 0.061620 0.012277
1 0.863556 0.221540 0.029930 0.021205
1 0.188380 0.215402 0.039613 0.033482
2 0.690141 0.225446 0.046655 0.035156
2 0.500000 0.234933 0.033451 0.025670
2 0.803697 0.265067 0.058099 0.036830
1 0.424296 0.270089 0.037852 0.032924
0 0.182218 0.293527 0.061620 0.013393
2 0.742958 0.304688 0.022007 0.017299
0 0.492958 0.309152 0.034331 0.010603
0 0.940141 0.313058 0.059859 0.012277
1 0.461268 0.309152 0.037852 0.029018
1 0.252641 0.313616 0.029930 0.021205
1 0.894366 0.313058 0.038732 0.033482
1 0.687500 0.350446 0.036972 0.032366
1 0.144366 0.398996 0.030810 0.020089
2 0.369718 0.406808 0.046655 0.044643
1 0.620599 0.424107 0.031690 0.022321
1 0.369718 0.438616 0.036972 0.029576
1 0.631162 0.471540 0.028169 0.020089
0 0.038732 0.501116 0.033451 0.009487
1 0.020246 0.501116 0.040493 0.025670
0 0.823944 0.534598 0.085387 0.011161
2 0.791373 0.530134 0.045775 0.027344
1 0.767606 0.534598 0.037852 0.029018
0 0.647887 0.570312 0.063380 0.012277
1 0.606514 0.570312 0.028169 0.020089
0 0.176937 0.575335 0.063380 0.014509
1 0.905810 0.572545 0.036972 0.029576
1 0.127641 0.575335 0.044014 0.034598
2 0.372359 0.584821 0.040493 0.030134
0 0.398768 0.600446 0.065141 0.013393
1 0.350352 0.600446 0.040493 0.025112
1 0.201585 0.610491 0.031690 0.022879
0 0.044014 0.637835 0.061620 0.014509
1 0.015845 0.637277 0.031690 0.022879
2 0.536972 0.672991 0.044894 0.037946
2 0.568662 0.695312 0.046655 0.029576
0 0.603873 0.715402 0.085387 0.009487
0 0.438380 0.715402 0.066901 0.013393
1 0.551056 0.715960 0.030810 0.021205
1 0.390845 0.715402 0.036972 0.030134
0 0.702465 0.726004 0.033451 0.008929
1 0.098592 0.724330 0.032570 0.021205
1 0.671655 0.726004 0.036972 0.023438
1 0.632042 0.741071 0.030810 0.020647
0 0.802817 0.785714 0.036092 0.010045
1 0.772887 0.785714 0.030810 0.020647
0 0.925176 0.824219 0.065141 0.012277
1 0.880282 0.824219 0.034331 0.030134
2 0.297535 0.827009 0.052817 0.039062
