1 0.028169 0.082589 0.040493 0.025112
0 0.440141 0.098772 0.033451 0.012277
1 0.408451 0.098772 0.039613 0.033482
0 0.620599 0.126674 0.093310 0.013393
1 0.558979 0.126674 0.038732 0.026786
1 0.538732 0.242188 0.041373 0.025112
1 0.264085 0.247768 0.031690 0.022879
0 0.208627 0.260603 0.033451 0.010045
1 0.175176 0.260603 0.042254 0.026786
0 0.534331 0.297433 0.061620 0.013393
1 0.487676 0.297433 0.040493 0.025670
2 0.420775 0.296875 0.044894 0.039621
0 0.109155 0.339286 0.063380 0.013393
1 0.065141 0.339286 0.032570 0.022321
2 0.510563 0.358259 0.036972 0.032924
1 0.845951 0.361607 0.035211 0.032924
0 0.317782 0.381696 0.063380 0.012277
1 0.275528 0.381696 0.029930 0.021205
1 0.780810 0.437500 0.038732 0.026786
1 0.308979 0.474330 0.026408 0.021205
1 0.692782 0.475446 0.031690 0.022879
1 0.373239 0.474330 0.036972 0.029576
1 0.250880 0.486607 0.029930 0.020647
1 0.579225 0.503906 0.035211 0.023438
1 0.257923 0.507254 0.038732 0.026786
1 0.739437 0.510045 0.029930 0.021205
1 0.524648 0.542411 0.028169 0.020089
1 0.096831 0.552455 0.030810 0.020089
0 0.222711 0.560268 0.095070 0.010045
0 0.441901 0.559710 0.091549 0.012277
1 0.379401 0.559710 0.042254 0.026786
1 0.161092 0.560268 0.035211 0.032924
0 0.950704 0.571987 0.088028 0.011161
2 0.406690 0.569196 0.036092 0.023996
1 0.897007 0.571987 0.028169 0.020089
1 0.184859 0.599888 0.031690 0.022321
1 0.656690 0.602679 0.032570 0.021205
0 0.534331 0.619978 0.065141 0.012277
1 0.487676 0.620536 0.036972 0.029576
1 0.737676 0.626116 0.031690 0.021205
1 0.951585 0.652344 0.036972 0.032366
2 0.859155 0.654576 0.034331 0.029018
1 0.827465 0.660156 0.042254 0.026786
1 0.526408 0.686384 0.033451 0.021205
2 0.419014 0.685268 0.043134 0.031808
0 0.310739 0.700335 0.033451 0.012277
0 0.489437 0.705915 0.058979 0.010045
1 0.276408 0.700335 0.044014 0.034598
1 0.443662 0.705915 0.038732 0.026786
1 0.677817 0.710379 0.034331 0.030134
1 0.419014 0.710938 0.037852 0.032924
2 0.033451 0.706473 0.060739 0.040737
0 0.139085 0.726004 0.033451 0.008929
1 0.110915 0.726004 0.030810 0.021205
0 0.939261 0.744420 0.063380 0.013393
1 0.898768 0.744420 0.026408 0.021205
2 0.917253 0.752232 0.044894 0.040737
0 0.865317 0.769531 0.063380 0.014509
1 0.820423 0.769531 0.034331 0.030134
2 0.845070 0.834821 0.034331 0.029018
1 0.357394 0.847098 0.031690 0.021763
