1 0.413732 0.015067 0.034331 0.030134
1 0.266725 0.065848 0.040493 0.025670
0 0.955106 0.093192 0.063380 0.011161
1 0.907570 0.093192 0.040493 0.032366
1 0.042254 0.232701 0.030810 0.021205
0 0.954225 0.334263 0.036092 0.010045
1 0.924296 0.334263 0.032570 0.021205
1 0.776408 0.362723 0.040493 0.032366
0 0.951585 0.388951 0.035211 0.013393
1 0.924296 0.388951 0.029049 0.020089
0 0.658451 0.407924 0.056338 0.011161
1 0.618838 0.407924 0.031690 0.022321
0 0.333627 0.501116 0.031690 0.009487
1 0.306338 0.501116 0.031690 0.021763
0 0.364437 0.612723 0.065141 0.013393
1 0.316901 0.612723 0.038732 0.033482
0 0.924296 0.726562 0.058979 0.009487
1 0.879401 0.727121 0.040493 0.025670
