1 0.190141 0.031250 0.036092 0.032366
0 0.694542 0.083147 0.063380 0.013393
1 0.647887 0.083147 0.037852 0.032366
1 0.889085 0.123884 0.041373 0.034040
0 0.499120 0.227679 0.063380 0.012277
0 0.630282 0.231027 0.089789 0.013393
1 0.575704 0.231027 0.028169 0.022321
1 0.453345 0.227679 0.036972 0.030134
0 0.248239 0.237723 0.095070 0.014509
1 0.183979 0.237723 0.042254 0.026786
0 0.351232 0.262835 0.033451 0.012277
1 0.324824 0.262277 0.028169 0.020647
1 0.850352 0.272321 0.040493 0.025670
0 0.105634 0.282366 0.034331 0.010603
1 0.077465 0.281808 0.028169 0.020089
0 0.439261 0.294085 0.065141 0.013393
1 0.663732 0.291295 0.034331 0.031808
1 0.389965 0.294085 0.042254 0.026786
1 0.243838 0.301339 0.036972 0.030692
1 0.725352 0.336496 0.035211 0.022321
1 0.179577 0.411272 0.038732 0.033482
1 0.267606 0.435826 0.042254 0.026786
1 0.653169 0.464286 0.039613 0.025670
1 0.898768 0.513951 0.042254 0.024554
0 0.169894 0.533482 0.065141 0.013393
1 0.128521 0.533482 0.029049 0.020089
0 0.858275 0.544085 0.059859 0.012277
1 0.815141 0.544085 0.036092 0.032366
0 0.343310 0.571429 0.065141 0.013393
1 0.294894 0.571429 0.040493 0.025670
0 0.248239 0.590960 0.033451 0.013393
1 0.219190 0.590960 0.033451 0.021205
1 0.648768 0.588728 0.036972 0.029018
1 0.765845 0.598214 0.040493 0.025112
1 0.861796 0.632254 0.031690 0.022321
0 0.320423 0.649554 0.036092 0.010045
1 0.292254 0.649554 0.028169 0.020089
0 0.661972 0.699777 0.034331 0.008929
1 0.632042 0.699777 0.034331 0.031808
0 0.585387 0.726004 0.063380 0.013393
1 0.538732 0.726004 0.038732 0.033482
1 0.500000 0.732701 0.029930 0.021205
0 0.967430 0.812500 0.061620 0.011161
1 0.925176 0.812500 0.031690 0.021763
0 0.908451 0.877790 0.061620 0.014509
1 0.867958 0.877232 0.028169 0.020647
