1 0.262324 0.108259 0.029930 0.020647
0 0.959507 0.160156 0.036092 0.010045
1 0.926937 0.160156 0.036972 0.029018
1 0.411972 0.193638 0.029930 0.021205
2 0.954225 0.216518 0.034331 0.032924
0 0.382923 0.232143 0.061620 0.012277
1 0.336268 0.232143 0.040493 0.025670
2 0.364437 0.262277 0.039613 0.036272
1 0.524648 0.598772 0.032570 0.021205
0 0.823063 0.650670 0.063380 0.013393
1 0.779930 0.650670 0.031690 0.022879
1 0.537852 0.671317 0.031690 0.021205
0 0.066901 0.693638 0.063380 0.012277
1 0.025528 0.693638 0.028169 0.020089
