1 0.305458 0.022879 0.033451 0.021205
0 0.044894 0.108817 0.035211 0.012277
1 0.019366 0.108817 0.038732 0.033482
1 0.633803 0.118304 0.030810 0.020089
1 0.257042 0.127232 0.037852 0.029018
1 0.592430 0.170759 0.031690 0.022879
2 0.632923 0.177455 0.047535 0.041295
0 0.686620 0.198103 0.063380 0.011161
1 0.642606 0.198103 0.032570 0.022321
0 0.930458 0.225446 0.063380 0.011161
0 0.831866 0.227679 0.095070 0.010045
1 0.883803 0.225446 0.039613 0.033482
1 0.769366 0.227679 0.039613 0.033482
1 0.147007 0.234375 0.029930 0.021205
0 0.858275 0.263951 0.029930 0.012277
1 0.605634 0.262277 0.040493 0.025670
1 0.830986 0.263951 0.034331 0.030134
2 0.629401 0.272879 0.070423 0.034598
0 0.192782 0.306920 0.033451 0.012277
1 0.799296 0.303013 0.034331 0.030134
1 0.162852 0.306920 0.035211 0.032924
1 0.656690 0.330357 0.032570 0.021763
2 0.187500 0.334263 0.047535 0.035714
1 0.212148 0.351004 0.026408 0.021205
1 0.304577 0.379464 0.041373 0.025670
0 0.637324 0.387277 0.091549 0.012277
1 0.580986 0.387277 0.029930 0.021205
1 0.750880 0.393415 0.040493 0.025670
1 0.840669 0.400670 0.038732 0.026786
1 0.153169 0.469866 0.044014 0.034598
1 0.836268 0.493304 0.031690 0.022879
1 0.741197 0.497768 0.028169 0.020089
0 0.282570 0.518415 0.033451 0.012277
1 0.256162 0.518415 0.028169 0.020089
0 0.570423 0.531250 0.060739 0.009487
0 0.387324 0.539062 0.063380 0.012277
1 0.524648 0.531250 0.036972 0.029576
1 0.345070 0.539062 0.029930 0.021205
2 0.545775 0.546875 0.051056 0.030692
1 0.632042 0.560268 0.038732 0.025112
1 0.848592 0.564732 0.035211 0.023438
0 0.431338 0.582589 0.058099 0.010603
1 0.391725 0.582589 0.029930 0.020647
0 0.262324 0.593750 0.085387 0.010603
1 0.207746 0.593750 0.031690 0.022321
1 0.093310 0.592634 0.040493 0.025670
2 0.153169 0.590402 0.056338 0.034040
2 0.093310 0.621652 0.034331 0.029018
2 0.846831 0.633929 0.044014 0.041853
0 0.875000 0.657366 0.085387 0.009487
1 0.820423 0.657366 0.029930 0.020647
2 0.234155 0.667411 0.047535 0.038504
1 0.433099 0.678571 0.034331 0.031808
0 0.348592 0.702567 0.061620 0.012277
1 0.912852 0.697545 0.042254 0.026786
1 0.308099 0.702567 0.026408 0.021205
2 0.433099 0.738281 0.045775 0.029018
0 0.725352 0.752232 0.063380 0.012277
1 0.683979 0.752232 0.028169 0.020089
1 0.686620 0.796875 0.028169 0.020089
0 0.963908 0.810268 0.061620 0.011161
1 0.923415 0.810268 0.028169 0.020089
