2 0.744718 0.050781 0.044894 0.033482
0 0.045775 0.061384 0.061620 0.014509
1 0.014965 0.061384 0.029930 0.021205
0 0.973592 0.065290 0.052817 0.014509
1 0.935739 0.065290 0.029930 0.021205
2 0.796655 0.065848 0.031690 0.025670
1 0.432218 0.064732 0.040493 0.032366
1 0.615317 0.098772 0.031690 0.022321
2 0.026408 0.111607 0.048415 0.030692
1 0.431338 0.162946 0.035211 0.022321
0 0.824824 0.186384 0.058099 0.013393
1 0.630282 0.186384 0.030810 0.020647
1 0.781690 0.186384 0.037852 0.032366
2 0.431338 0.185268 0.044894 0.040737
1 0.559859 0.208147 0.042254 0.026786
2 0.584507 0.206473 0.043134 0.031808
0 0.199824 0.226562 0.033451 0.012277
1 0.170775 0.226562 0.033451 0.022321
1 0.742958 0.239397 0.037852 0.029018
1 0.095070 0.255580 0.029930 0.021205
0 0.507042 0.261161 0.093310 0.014509
1 0.450704 0.261161 0.028169 0.020089
1 0.286972 0.259487 0.037852 0.029018
1 0.035211 0.280134 0.037852 0.029018
1 0.232394 0.305246 0.031690 0.022321
0 0.163732 0.321429 0.085387 0.009487
1 0.588908 0.314174 0.040493 0.025670
2 0.465669 0.322545 0.026408 0.022879
1 0.107394 0.320871 0.037852 0.032366
2 0.353873 0.328125 0.076585 0.037388
1 0.954225 0.375558 0.038732 0.033482
0 0.226232 0.395647 0.063380 0.013393
1 0.764085 0.389509 0.037852 0.029018
1 0.440141 0.398438 0.032570 0.020647
1 0.177817 0.395647 0.040493 0.032366
1 0.023768 0.400670 0.036972 0.029576
1 0.183979 0.433594 0.042254 0.026786
2 0.786972 0.482701 0.024648 0.021205
1 0.615317 0.491629 0.028169 0.022321
1 0.492958 0.493304 0.041373 0.034040
2 0.845070 0.502232 0.044894 0.042969
1 0.982394 0.516741 0.028169 0.020089
1 0.845070 0.516183 0.028169 0.022321
1 0.575704 0.533482 0.041373 0.025112
1 0.941901 0.541295 0.040493 0.032366
2 0.492077 0.544643 0.044014 0.034598
1 0.508803 0.564174 0.031690 0.022321
1 0.635563 0.562500 0.037852 0.032924
0 0.764085 0.580357 0.063380 0.013393
1 0.719190 0.580357 0.035211 0.032924
1 0.574824 0.592634 0.042254 0.024554
2 0.941901 0.599888 0.036092 0.034598
2 0.031690 0.629464 0.054577 0.028460
1 0.639085 0.635045 0.034331 0.031808
0 0.638204 0.707031 0.033451 0.013393
1 0.610035 0.707031 0.031690 0.022321
0 0.531690 0.764509 0.060739 0.009487
1 0.486796 0.764509 0.036972 0.029576
1 0.370599 0.775112 0.031690 0.022321
1 0.735035 0.790179 0.036972 0.029576
0 0.893486 0.812500 0.061620 0.012277
1 0.846831 0.812500 0.040493 0.025670
2 0.371479 0.811384 0.062500 0.043527
1 0.580106 0.847098 0.036972 0.029576
1 0.287852 0.852679 0.033451 0.021205
2 0.316021 0.849330 0.056338 0.042411
1 0.219190 0.859933 0.026408 0.021205
1 0.914613 0.855469 0.038732 0.033482
2 0.580106 0.907366 0.047535 0.035714
