0 0.473592 0.011161 0.063380 0.013393
1 0.264965 0.027344 0.038732 0.033482
0 0.319542 0.039621 0.033451 0.013393
0 0.814261 0.042969 0.033451 0.010045
1 0.286972 0.039621 0.040493 0.026786
1 0.783451 0.043527 0.039613 0.025112
1 0.801056 0.109933 0.032570 0.021205
1 0.639085 0.110491 0.030810 0.020089
0 0.391725 0.133371 0.093310 0.012277
1 0.330986 0.132812 0.036972 0.030692
0 0.950704 0.165737 0.091549 0.014509
0 0.543134 0.169643 0.029930 0.012277
1 0.511444 0.169643 0.042254 0.024554
1 0.425176 0.189732 0.036972 0.029576
1 0.617958 0.217076 0.037852 0.029018
0 0.886444 0.228237 0.093310 0.013393
1 0.829225 0.228795 0.030810 0.020647
2 0.919894 0.226562 0.049296 0.031250
1 0.224472 0.242746 0.031690 0.022321
2 0.617958 0.270089 0.022887 0.018415
1 0.905810 0.277902 0.040493 0.025670
2 0.852993 0.296875 0.033451 0.018973
0 0.653169 0.318638 0.063380 0.011161
1 0.609155 0.318638 0.034331 0.030134
0 0.239437 0.329241 0.063380 0.011161
1 0.586268 0.325893 0.032570 0.020647
1 0.131162 0.328125 0.028169 0.020089
1 0.191901 0.329241 0.040493 0.025670
1 0.510563 0.328125 0.034331 0.031808
1 0.792253 0.341518 0.040493 0.025670
1 0.964789 0.344866 0.032570 0.021205
0 0.757042 0.354911 0.061620 0.014509
1 0.716549 0.354911 0.029049 0.020089
2 0.632042 0.355469 0.055458 0.031250
2 0.736796 0.367188 0.044014 0.029576
0 0.595951 0.397321 0.059859 0.009487
1 0.555458 0.397321 0.029930 0.020647
0 0.327465 0.414062 0.034331 0.009487
2 0.460387 0.407366 0.080986 0.039621
1 0.294014 0.414062 0.039613 0.025670
1 0.927817 0.416295 0.041373 0.025670
2 0.927817 0.448661 0.040493 0.028460
0 0.882042 0.497210 0.063380 0.011161
1 0.833627 0.497210 0.042254 0.026786
1 0.935739 0.521205 0.026408 0.021205
0 0.794894 0.526228 0.035211 0.013393
1 0.762324 0.525670 0.041373 0.034040
0 0.176056 0.551897 0.035211 0.013393
1 0.141725 0.551897 0.042254 0.026786
1 0.970070 0.570312 0.038732 0.025112
1 0.802817 0.586496 0.037852 0.032366
1 0.676056 0.602679 0.029930 0.020647
1 0.292254 0.606027 0.037852 0.032366
0 0.439261 0.618862 0.063380 0.012277
1 0.397887 0.618862 0.028169 0.022321
1 0.027289 0.622210 0.028169 0.020089
0 0.203345 0.633929 0.063380 0.013393
1 0.161972 0.633929 0.028169 0.022321
1 0.535211 0.635045 0.035211 0.022321
1 0.735915 0.642857 0.036972 0.023438
0 0.116197 0.678013 0.063380 0.013393
1 0.073063 0.678013 0.031690 0.022321
1 0.750000 0.680246 0.040493 0.025670
0 0.390845 0.689732 0.063380 0.011161
1 0.347711 0.689732 0.031690 0.022321
1 0.934859 0.706473 0.038732 0.025112
0 0.227993 0.713728 0.063380 0.012277
0 0.482394 0.716518 0.063380 0.012277
1 0.183979 0.713728 0.033451 0.021205
1 0.441021 0.716518 0.028169 0.022321
0 0.698063 0.723772 0.061620 0.013393
2 0.750000 0.717634 0.029049 0.027902
1 0.653169 0.723214 0.036972 0.030692
2 0.459507 0.724888 0.036972 0.031250
1 0.629401 0.747768 0.035211 0.032924
1 0.262324 0.760603 0.036972 0.030134
0 0.203345 0.775670 0.063380 0.013393
0 0.599472 0.775670 0.061620 0.014509
1 0.157570 0.775670 0.036972 0.023438
1 0.551937 0.775670 0.042254 0.026786
0 0.154930 0.799665 0.061620 0.012277
1 0.114437 0.799665 0.026408 0.021205
0 0.872359 0.818638 0.063380 0.012277
1 0.829225 0.818638 0.031690 0.022321
0 0.548415 0.825335 0.093310 0.013393
1 0.485915 0.825335 0.040493 0.032366
0 0.679577 0.864397 0.091549 0.012277
1 0.619718 0.864955 0.036972 0.030692
2 0.851232 0.871652 0.024648 0.019531
0 0.758803 0.877232 0.033451 0.011161
1 0.730634 0.877232 0.032570 0.022321
1 0.266725 0.903460 0.031690 0.022321
