1 0.625000 0.026786 0.030810 0.020647
2 0.804577 0.064174 0.061620 0.043527
0 0.300176 0.093750 0.033451 0.012277
1 0.266725 0.093750 0.042254 0.026786
1 0.852113 0.101562 0.041373 0.034040
0 0.934859 0.158482 0.060739 0.010603
0 0.352993 0.161272 0.096831 0.014509
1 0.892606 0.158482 0.031690 0.022321
1 0.288732 0.161272 0.041373 0.025670
2 0.315141 0.169643 0.039613 0.029576
1 0.132042 0.281250 0.034331 0.031808
1 0.681338 0.290179 0.029930 0.020647
2 0.984155 0.331473 0.031690 0.029576
1 0.194542 0.331473 0.036972 0.030692
0 0.314261 0.341518 0.033451 0.011161
1 0.286972 0.341518 0.032570 0.022321
1 0.965669 0.339844 0.038732 0.033482
1 0.528169 0.351004 0.039613 0.033482
2 0.588908 0.351004 0.089789 0.043527
1 0.485915 0.368304 0.041373 0.025670
1 0.075704 0.376116 0.028169 0.020089
0 0.597711 0.388393 0.033451 0.012277
1 0.571303 0.388393 0.028169 0.022321
1 0.868838 0.397879 0.036972 0.030134
1 0.248239 0.414062 0.042254 0.024554
2 0.272007 0.425781 0.058099 0.043527
1 0.450704 0.452009 0.036972 0.030692
0 0.868838 0.494978 0.059859 0.012277
1 0.822183 0.494978 0.041373 0.025670
1 0.197183 0.515067 0.030810 0.021205
1 0.304577 0.569196 0.028169 0.022321
1 0.912852 0.612723 0.035211 0.032924
0 0.878521 0.766183 0.061620 0.013393
1 0.838028 0.766183 0.029049 0.020089
1 0.251761 0.779018 0.036972 0.029576
1 0.146127 0.796317 0.030810 0.021205
1 0.014965 0.808594 0.029930 0.021205
2 0.858275 0.817522 0.052817 0.033482
1 0.742077 0.842076 0.036972 0.030134
1 0.198944 0.847098 0.029930 0.020647
2 0.647007 0.850446 0.049296 0.032924
