0 0.321303 0.004464 0.033451 0.008371
1 0.294014 0.010603 0.029930 0.021205
1 0.031690 0.016741 0.037852 0.032924
1 0.631162 0.071429 0.042254 0.024554
0 0.412852 0.113281 0.065141 0.013393
0 0.756162 0.114397 0.063380 0.013393
1 0.715669 0.114397 0.026408 0.021205
0 0.060739 0.121652 0.061620 0.014509
1 0.018486 0.121652 0.036972 0.023438
1 0.593310 0.204241 0.030810 0.020647
1 0.470070 0.211496 0.039613 0.033482
1 0.946303 0.217634 0.038732 0.026786
1 0.695423 0.220982 0.032570 0.022321
1 0.018486 0.231585 0.036972 0.030134
1 0.681338 0.253348 0.036972 0.029576
1 0.094190 0.281808 0.029930 0.021205
1 0.500000 0.276786 0.037852 0.032924
1 0.732394 0.297991 0.031690 0.022321
1 0.127641 0.302455 0.029930 0.021205
2 0.754401 0.306362 0.044014 0.039062
1 0.947183 0.348214 0.031690 0.022321
2 0.801056 0.359375 0.036092 0.022879
2 0.084507 0.351004 0.046655 0.044643
0 0.805458 0.372210 0.035211 0.013393
2 0.688380 0.371652 0.029049 0.021763
1 0.773768 0.372210 0.036972 0.030134
1 0.667253 0.379464 0.036972 0.030692
1 0.883803 0.409598 0.040493 0.025670
0 0.868838 0.489397 0.065141 0.013393
1 0.824824 0.489955 0.031690 0.022879
0 0.438380 0.513951 0.061620 0.012277
1 0.392606 0.513951 0.037852 0.029018
2 0.272007 0.524554 0.045775 0.038504
0 0.371479 0.550781 0.091549 0.012277
1 0.272887 0.549107 0.030810 0.020647
1 0.315141 0.550781 0.030810 0.021205
1 0.460387 0.551339 0.036972 0.029576
1 0.104754 0.573661 0.036972 0.029576
1 0.359155 0.626116 0.032570 0.021763
1 0.901408 0.660156 0.042254 0.026786
0 0.867958 0.669643 0.033451 0.011161
1 0.840669 0.669643 0.029930 0.021205
0 0.660211 0.675781 0.063380 0.012277
1 0.617958 0.675781 0.032570 0.021205
1 0.573944 0.689732 0.041373 0.025112
1 0.911972 0.703125 0.029930 0.021205
1 0.032570 0.737723 0.042254 0.026786
0 0.706866 0.757254 0.093310 0.012277
1 0.702465 0.790179 0.031690 0.021763
1 0.913732 0.794643 0.029930 0.020647
0 0.232394 0.804688 0.060739 0.010603
1 0.186620 0.804129 0.039613 0.025670
0 0.875880 0.814174 0.093310 0.013393
1 0.818662 0.814174 0.029930 0.021205
1 0.155810 0.820312 0.029930 0.020647
0 0.469190 0.863839 0.096831 0.014509
1 0.411092 0.863839 0.028169 0.020647
