0 0.940141 0.014509 0.059859 0.010603
1 0.896127 0.016183 0.037852 0.032366
0 0.810739 0.078125 0.063380 0.013393
1 0.767606 0.078125 0.031690 0.022879
0 0.535211 0.088728 0.033451 0.008929
1 0.503521 0.089286 0.039613 0.025112
0 0.052817 0.096540 0.063380 0.011161
1 0.021127 0.097098 0.041373 0.025112
0 0.630282 0.118862 0.033451 0.012277
1 0.599472 0.118862 0.036972 0.029018
1 0.782570 0.170759 0.036972 0.029576
1 0.936620 0.178571 0.042254 0.026786
1 0.639965 0.216518 0.028169 0.020089
1 0.520247 0.239955 0.028169 0.022321
1 0.033451 0.241629 0.040493 0.025670
1 0.977113 0.274554 0.041373 0.025112
1 0.203345 0.272321 0.036972 0.029576
1 0.285211 0.310826 0.041373 0.025670
1 0.455986 0.313616 0.029930 0.021205
1 0.726232 0.329799 0.031690 0.021205
1 0.470951 0.372768 0.029930 0.020647
1 0.120599 0.390625 0.038732 0.025112
1 0.911092 0.395089 0.040493 0.025112
1 0.809859 0.433036 0.036972 0.023438
1 0.901408 0.437500 0.037852 0.029018
0 0.214789 0.467076 0.033451 0.012277
1 0.184859 0.467076 0.035211 0.022321
1 0.432218 0.519531 0.040493 0.025670
2 0.900528 0.522321 0.047535 0.031808
0 0.227993 0.538504 0.059859 0.011161
1 0.308979 0.564174 0.040493 0.025670
0 0.066901 0.572545 0.058979 0.009487
1 0.659331 0.566406 0.028169 0.022321
2 0.676056 0.569196 0.030810 0.020647
1 0.026408 0.572545 0.030810 0.021205
1 0.955106 0.579241 0.042254 0.026786
1 0.901408 0.612723 0.030810 0.020647
0 0.172535 0.653460 0.091549 0.012277
0 0.941021 0.660156 0.033451 0.012277
1 0.112676 0.653460 0.036972 0.032366
1 0.912852 0.660714 0.031690 0.021763
0 0.876761 0.676339 0.085387 0.009487
1 0.823063 0.676339 0.028169 0.020647
1 0.690141 0.719308 0.028169 0.022321
1 0.404049 0.732143 0.028169 0.020089
0 0.386444 0.745536 0.061620 0.014509
0 0.125000 0.750000 0.085387 0.010603
1 0.345070 0.745536 0.029930 0.020647
2 0.690141 0.741629 0.036972 0.031250
1 0.071303 0.750000 0.028169 0.022321
1 0.755282 0.772879 0.037852 0.029018
1 0.031690 0.781808 0.044014 0.034598
1 0.261444 0.804688 0.028169 0.020647
1 0.371479 0.824219 0.032570 0.021205
0 0.859155 0.829799 0.035211 0.012277
1 0.829225 0.829241 0.034331 0.031808
0 0.710387 0.839286 0.063380 0.013393
1 0.668134 0.839286 0.029930 0.021205
1 0.574824 0.883371 0.031690 0.022321
