1 0.342430 0.034598 0.029930 0.020647
1 0.676937 0.034598 0.031690 0.022321
0 0.501761 0.044085 0.066021 0.013393
1 0.453345 0.043527 0.036972 0.030692
0 0.778169 0.070871 0.058099 0.010045
1 0.200704 0.069196 0.030810 0.020647
1 0.738556 0.070312 0.029930 0.020647
0 0.830986 0.079799 0.059859 0.012277
1 0.903169 0.070312 0.037852 0.032924
1 0.791373 0.079799 0.028169 0.020089
0 0.772887 0.117188 0.091549 0.012277
1 0.336268 0.124442 0.028169 0.020089
1 0.250000 0.121652 0.039613 0.033482
0 0.924296 0.154018 0.034331 0.009487
1 0.892606 0.154018 0.037852 0.032366
1 0.600352 0.156250 0.035211 0.032924
2 0.619718 0.193080 0.032570 0.026228
2 0.033451 0.187500 0.045775 0.038504
1 0.686620 0.202009 0.032570 0.021205
0 0.507923 0.207589 0.091549 0.012277
1 0.450704 0.207589 0.032570 0.020647
0 0.053697 0.222098 0.059859 0.011161
1 0.016725 0.222098 0.033451 0.021205
1 0.090669 0.223214 0.036972 0.029018
1 0.415493 0.224330 0.036972 0.030134
0 0.975352 0.255580 0.049296 0.013393
1 0.941021 0.255580 0.026408 0.021205
0 0.532570 0.268415 0.063380 0.013393
1 0.301056 0.270647 0.028169 0.022321
1 0.486796 0.268973 0.036972 0.029576
0 0.843310 0.280134 0.095070 0.014509
1 0.786092 0.280134 0.028169 0.022321
0 0.277289 0.323103 0.058099 0.010045
0 0.037852 0.327567 0.033451 0.013393
1 0.236796 0.323103 0.031690 0.022321
1 0.015845 0.327567 0.031690 0.022321
0 0.710387 0.335379 0.065141 0.012277
1 0.667253 0.335938 0.029930 0.020647
1 0.318662 0.339286 0.030810 0.020647
1 0.147887 0.348214 0.032570 0.020647
2 0.318662 0.353795 0.035211 0.028460
2 0.035211 0.370536 0.041373 0.034598
1 0.718310 0.401228 0.030810 0.020089
0 0.656690 0.407924 0.063380 0.012277
0 0.072183 0.411830 0.093310 0.013393
1 0.014965 0.411830 0.029930 0.020647
0 0.927817 0.426339 0.066021 0.013393
1 0.878521 0.426339 0.041373 0.034040
1 0.589789 0.447545 0.041373 0.025112
1 0.022007 0.461496 0.028169 0.020089
1 0.915493 0.494978 0.034331 0.030134
0 0.364437 0.530692 0.033451 0.011161
1 0.338028 0.531250 0.030810 0.020647
0 0.980634 0.579241 0.037852 0.013393
0 0.771127 0.582589 0.091549 0.014509
1 0.947183 0.579241 0.039613 0.025670
1 0.715669 0.582589 0.028169 0.022321
0 0.683099 0.603795 0.087148 0.011161
1 0.091549 0.601562 0.030810 0.020647
1 0.623239 0.603795 0.041373 0.034040
1 0.418134 0.613281 0.038732 0.033482
0 0.583627 0.651786 0.029930 0.012277
1 0.559859 0.651786 0.026408 0.021205
1 0.463908 0.658482 0.029930 0.020647
1 0.042254 0.674107 0.036972 0.030692
1 0.308099 0.682478 0.032570 0.022321
1 0.876761 0.685268 0.040493 0.025670
2 0.358275 0.707589 0.054577 0.042411
0 0.374120 0.723772 0.063380 0.013393
1 0.332746 0.723772 0.030810 0.020089
0 0.489437 0.737165 0.061620 0.013393
1 0.447183 0.737165 0.031690 0.022321
1 0.875000 0.753348 0.040493 0.026786
0 0.071303 0.781808 0.065141 0.014509
1 0.028169 0.781808 0.029930 0.021205
1 0.818662 0.789621 0.042254 0.026786
1 0.631162 0.796875 0.031690 0.022321
1 0.871479 0.804688 0.042254 0.026786
1 0.146127 0.839286 0.031690 0.021205
0 0.211268 0.856027 0.056338 0.011161
1 0.172535 0.856027 0.030810 0.020647
1 0.304577 0.866071 0.032570 0.022321
