1 0.748239 0.047991 0.040493 0.026786
0 0.536972 0.334263 0.061620 0.013393
1 0.494718 0.334263 0.031690 0.022321
1 0.595070 0.346540 0.042254 0.026786
0 0.332746 0.371652 0.063380 0.012277
1 0.286972 0.371652 0.036972 0.029576
2 0.595070 0.395089 0.034331 0.030134
2 0.316021 0.403460 0.044014 0.034598
1 0.181338 0.470424 0.032570 0.021205
0 0.418134 0.503906 0.035211 0.010045
1 0.389085 0.503906 0.031690 0.022321
0 0.808099 0.520089 0.061620 0.012277
1 0.760563 0.520089 0.041373 0.034040
2 0.414613 0.542411 0.029930 0.028460
1 0.853873 0.570312 0.037852 0.032924
0 0.125000 0.656250 0.088028 0.011161
1 0.466549 0.652902 0.029930 0.020647
1 0.066021 0.656250 0.038732 0.033482
