0 0.360035 0.032924 0.059859 0.012277
0 0.289613 0.036272 0.093310 0.013393
1 0.316021 0.032924 0.036972 0.023438
1 0.227113 0.036272 0.040493 0.025670
1 0.633803 0.033482 0.041373 0.034040
0 0.358275 0.101562 0.033451 0.009487
1 0.329225 0.102121 0.036092 0.032366
0 0.654930 0.114955 0.086268 0.010603
1 0.598592 0.114955 0.034331 0.031808
1 0.949824 0.151786 0.029930 0.020647
1 0.695423 0.156250 0.036972 0.029576
1 0.462148 0.164621 0.026408 0.021205
0 0.051056 0.191964 0.034331 0.008929
1 0.022007 0.191964 0.029930 0.020647
1 0.570423 0.198661 0.035211 0.023438
1 0.160211 0.206473 0.036972 0.032366
1 0.487676 0.264509 0.037852 0.032366
1 0.420775 0.270089 0.028169 0.022321
0 0.551056 0.307478 0.034331 0.008929
0 0.760563 0.310826 0.065141 0.012277
1 0.519366 0.307478 0.036972 0.023438
1 0.714789 0.310826 0.037852 0.032366
1 0.207746 0.324777 0.036972 0.029576
0 0.948063 0.358259 0.095070 0.012277
1 0.889085 0.358259 0.032570 0.022321
0 0.717430 0.382812 0.056338 0.011161
1 0.677817 0.382812 0.032570 0.021205
0 0.971831 0.423549 0.055458 0.014509
1 0.933099 0.423549 0.032570 0.022321
1 0.900528 0.467634 0.031690 0.022321
0 0.779930 0.477679 0.091549 0.014509
1 0.724472 0.477679 0.028169 0.022321
0 0.334507 0.498884 0.061620 0.013393
0 0.813380 0.507812 0.066901 0.011161
1 0.290493 0.498884 0.037852 0.032924
1 0.770247 0.507812 0.028169 0.020089
1 0.426056 0.510045 0.038732 0.025112
1 0.200704 0.520647 0.031690 0.021205
0 0.292254 0.547433 0.059859 0.010045
1 0.250000 0.547433 0.034331 0.030134
1 0.363556 0.565848 0.038732 0.026786
1 0.285211 0.580357 0.032570 0.022321
0 0.919894 0.587054 0.084507 0.011161
1 0.628521 0.585379 0.032570 0.021205
1 0.866197 0.587054 0.032570 0.020647
1 0.525528 0.600446 0.036972 0.030692
1 0.583627 0.606027 0.031690 0.021763
1 0.311620 0.623884 0.037852 0.032924
0 0.821303 0.634487 0.061620 0.014509
1 0.774648 0.635045 0.040493 0.025112
1 0.638204 0.647879 0.042254 0.024554
1 0.683099 0.681362 0.032570 0.021205
1 0.903169 0.709263 0.031690 0.022321
1 0.533451 0.715402 0.032570 0.022321
0 0.378521 0.751116 0.065141 0.013393
1 0.335387 0.751116 0.029930 0.021205
1 0.136444 0.755580 0.042254 0.026786
1 0.720951 0.777902 0.028169 0.020089
1 0.313380 0.820871 0.031690 0.022321
0 0.485915 0.848214 0.087148 0.011161
1 0.632042 0.843750 0.028169 0.020089
1 0.429577 0.848214 0.032570 0.022321
