1 0.753521 0.017299 0.044014 0.034598
0 0.394366 0.039062 0.061620 0.012277
1 0.347711 0.039062 0.040493 0.025670
1 0.367958 0.088170 0.041373 0.034040
0 0.706866 0.113839 0.059859 0.010603
1 0.036092 0.108817 0.026408 0.021205
1 0.665493 0.113281 0.031690 0.022321
1 0.618838 0.111607 0.042254 0.026786
0 0.119718 0.149554 0.061620 0.014509
1 0.077465 0.149554 0.031690 0.021763
0 0.694542 0.172433 0.033451 0.011161
1 0.024648 0.167969 0.042254 0.024554
1 0.369718 0.207031 0.039613 0.033482
1 0.977113 0.219866 0.031690 0.022879
0 0.068662 0.227679 0.085387 0.010603
1 0.918134 0.219866 0.040493 0.032366
1 0.020246 0.227679 0.040493 0.032366
1 0.360915 0.257812 0.044014 0.034598
0 0.737676 0.275670 0.093310 0.013393
0 0.185739 0.284598 0.033451 0.011161
1 0.298415 0.275112 0.040493 0.032366
1 0.674296 0.275670 0.041373 0.034040
1 0.159331 0.284598 0.028169 0.020647
0 0.117077 0.349330 0.095070 0.012277
1 0.058099 0.349330 0.030810 0.020647
1 0.332746 0.381138 0.032570 0.022321
1 0.427817 0.382812 0.032570 0.021763
1 0.034331 0.398996 0.042254 0.024554
0 0.247359 0.413504 0.033451 0.012277
1 0.216549 0.414062 0.036972 0.029576
0 0.701585 0.484375 0.061620 0.012277
1 0.795775 0.482143 0.037852 0.032366
1 0.084507 0.487723 0.037852 0.032924
1 0.239437 0.504464 0.040493 0.025112
0 0.975352 0.530134 0.048415 0.013393
1 0.939261 0.530134 0.031690 0.022321
0 0.547535 0.535156 0.065141 0.013393
1 0.501761 0.535156 0.037852 0.029018
1 0.708627 0.557478 0.029930 0.021205
0 0.116197 0.588728 0.061620 0.013393
1 0.070423 0.588728 0.039613 0.025670
1 0.083627 0.616629 0.035211 0.022321
0 0.729753 0.630580 0.089789 0.011161
1 0.669014 0.630580 0.040493 0.025670
0 0.980634 0.649554 0.035211 0.010045
1 0.948063 0.649554 0.038732 0.025112
1 0.366197 0.689732 0.039613 0.025112
1 0.089789 0.714286 0.034331 0.030134
0 0.382923 0.750558 0.063380 0.014509
1 0.336268 0.750558 0.038732 0.033482
1 0.203345 0.818080 0.029930 0.021205
1 0.470070 0.827009 0.040493 0.025670
0 0.399648 0.841518 0.063380 0.013393
1 0.353873 0.841518 0.037852 0.032366
1 0.156690 0.843192 0.039613 0.033482
1 0.255282 0.858259 0.044014 0.034598
0 0.667253 0.890625 0.058979 0.009487
1 0.535211 0.890067 0.031690 0.022321
1 0.619718 0.890067 0.042254 0.024554
