1 0.369718 0.038504 0.039613 0.033482
0 0.799296 0.065848 0.034331 0.010603
1 0.767606 0.066406 0.037852 0.029018
1 0.365317 0.078125 0.028169 0.020647
0 0.091549 0.089844 0.035211 0.010045
1 0.058099 0.089844 0.040493 0.032366
1 0.832747 0.117746 0.030810 0.021205
1 0.702465 0.131696 0.038732 0.026786
2 0.086268 0.131696 0.043134 0.027344
0 0.971831 0.139509 0.055458 0.011161
1 0.929577 0.139509 0.036972 0.029576
0 0.559859 0.149554 0.088028 0.012277
1 0.425176 0.145089 0.031690 0.022879
1 0.505282 0.149554 0.030810 0.020647
1 0.084507 0.180246 0.028169 0.022321
2 0.426056 0.170759 0.064261 0.045201
2 0.831866 0.176339 0.049296 0.034040
1 0.259683 0.181920 0.036972 0.029576
2 0.901408 0.201451 0.046655 0.037946
1 0.901408 0.219866 0.031690 0.022879
2 0.084507 0.218750 0.061620 0.031808
0 0.378521 0.287946 0.063380 0.012277
1 0.334507 0.287946 0.033451 0.021205
1 0.984155 0.297991 0.031690 0.020647
0 0.260563 0.328683 0.063380 0.011161
0 0.456866 0.357701 0.096831 0.014509
1 0.277289 0.356027 0.040493 0.025670
2 0.577465 0.352679 0.054577 0.040737
1 0.394366 0.357701 0.037852 0.032366
1 0.555458 0.362723 0.031690 0.022879
1 0.874120 0.369420 0.044014 0.034598
1 0.469190 0.410714 0.028169 0.022321
1 0.741197 0.463170 0.036972 0.030134
1 0.635563 0.465402 0.041373 0.034040
2 0.411972 0.502790 0.048415 0.033482
1 0.776408 0.517857 0.037852 0.032366
1 0.568662 0.523438 0.032570 0.022321
0 0.491197 0.540179 0.033451 0.011161
1 0.463028 0.540179 0.030810 0.020647
0 0.885563 0.554688 0.059859 0.009487
1 0.841549 0.554688 0.036972 0.032366
1 0.636444 0.565290 0.038732 0.026786
2 0.863556 0.569196 0.040493 0.034598
1 0.914613 0.620536 0.036972 0.023438
0 0.724472 0.666295 0.065141 0.014509
1 0.682218 0.666295 0.028169 0.020647
0 0.926056 0.677455 0.036092 0.010045
1 0.891725 0.677455 0.040493 0.025112
1 0.385563 0.680246 0.028169 0.022321
2 0.411972 0.684152 0.036092 0.022879
0 0.251761 0.706473 0.034331 0.010603
1 0.977113 0.763951 0.041373 0.025670
2 0.250000 0.776786 0.036972 0.025670
1 0.227113 0.779576 0.028169 0.022321
1 0.470070 0.811384 0.035211 0.032924
0 0.986796 0.824777 0.026408 0.011161
1 0.961268 0.824777 0.034331 0.030134
0 0.507042 0.864955 0.065141 0.012277
1 0.464789 0.864955 0.029049 0.020089
1 0.162852 0.877790 0.040493 0.025670
