0 0.419894 0.035156 0.091549 0.013393
1 0.359155 0.034598 0.038732 0.025112
1 0.778169 0.053571 0.041373 0.025670
2 0.778169 0.072545 0.041373 0.027902
0 0.665493 0.087054 0.036092 0.010045
1 0.632923 0.087054 0.036972 0.023438
0 0.337148 0.095424 0.091549 0.013393
1 0.278169 0.095424 0.035211 0.023438
0 0.463908 0.152902 0.065141 0.014509
1 0.250000 0.146205 0.035211 0.032924
1 0.416373 0.152902 0.036972 0.029576
1 0.647887 0.165179 0.037852 0.032366
1 0.020246 0.176339 0.040493 0.025670
0 0.804577 0.184152 0.065141 0.013393
1 0.571303 0.182478 0.031690 0.021205
1 0.758803 0.184152 0.037852 0.032366
1 0.507042 0.204241 0.029930 0.021205
0 0.416373 0.238281 0.063380 0.012277
1 0.035211 0.236607 0.028169 0.020089
1 0.369718 0.238281 0.037852 0.029018
0 0.144366 0.267299 0.033451 0.012277
1 0.742958 0.280134 0.028169 0.020089
1 0.804577 0.330357 0.031690 0.021763
0 0.563380 0.337054 0.031690 0.009487
1 0.535211 0.337054 0.034331 0.030134
0 0.889965 0.347098 0.058099 0.013393
1 0.256162 0.345424 0.031690 0.022321
1 0.846831 0.347098 0.037852 0.029018
1 0.588908 0.380022 0.026408 0.021205
1 0.481514 0.388951 0.036972 0.030134
1 0.903169 0.391741 0.036972 0.029576
2 0.271127 0.411830 0.041373 0.039621
0 0.405810 0.431362 0.093310 0.013393
1 0.241197 0.424107 0.041373 0.034040
1 0.348592 0.431362 0.030810 0.021205
0 0.738556 0.443080 0.059859 0.010603
1 0.692782 0.442522 0.040493 0.025670
1 0.515845 0.471540 0.032570 0.022321
1 0.618838 0.488281 0.036972 0.030134
1 0.207746 0.496094 0.031690 0.021205
2 0.515845 0.508371 0.044894 0.030134
1 0.938380 0.512277 0.036972 0.029018
2 0.961268 0.526786 0.055458 0.046317
1 0.522887 0.541295 0.031690 0.022321
0 0.794894 0.555246 0.035211 0.013393
1 0.766725 0.555246 0.029930 0.021205
1 0.711268 0.556920 0.029930 0.021205
2 0.119718 0.566964 0.051937 0.042969
0 0.867077 0.599330 0.033451 0.012277
1 0.839789 0.599330 0.030810 0.020089
0 0.970070 0.665737 0.059859 0.013393
1 0.926056 0.665179 0.037852 0.032924
1 0.375880 0.669643 0.042254 0.026786
1 0.014965 0.734375 0.028169 0.022321
1 0.349472 0.734375 0.035211 0.032924
0 0.301937 0.761161 0.065141 0.014509
1 0.259683 0.761161 0.028169 0.020647
0 0.174296 0.789062 0.095070 0.010045
1 0.114437 0.789062 0.033451 0.022321
0 0.261444 0.796875 0.033451 0.011161
1 0.230634 0.796875 0.037852 0.032366
1 0.308979 0.828683 0.035211 0.022321
1 0.674296 0.827009 0.036972 0.029576
0 0.747359 0.844308 0.063380 0.013393
1 0.704225 0.844308 0.032570 0.021205
0 0.931338 0.869420 0.063380 0.012277
1 0.886444 0.869420 0.035211 0.023438
1 0.470070 0.872210 0.039613 0.033482
2 0.909331 0.881138 0.036972 0.029018
