0 0.668134 0.002232 0.091549 0.003906
1 0.605634 0.012277 0.041373 0.024554
1 0.476232 0.032366 0.044014 0.034598
0 0.313380 0.045759 0.033451 0.011161
1 0.285211 0.045759 0.030810 0.020089
0 0.651408 0.049665 0.089789 0.013393
1 0.596831 0.049665 0.028169 0.022321
1 0.148768 0.058036 0.029930 0.020647
2 0.621479 0.058594 0.029930 0.022321
0 0.714789 0.088170 0.063380 0.012277
0 0.240317 0.090960 0.089789 0.014509
1 0.667253 0.088170 0.040493 0.025112
1 0.186620 0.090960 0.026408 0.021205
1 0.961268 0.093750 0.029930 0.020647
2 0.696303 0.102121 0.035211 0.033482
1 0.764965 0.109375 0.028169 0.020647
1 0.397887 0.106585 0.037852 0.032366
0 0.914613 0.151228 0.063380 0.011161
1 0.839789 0.142857 0.037852 0.029018
1 0.867958 0.150670 0.038732 0.025112
1 0.663732 0.156250 0.039613 0.025112
1 0.109155 0.156250 0.036972 0.029018
1 0.344190 0.180246 0.028169 0.022321
0 0.272887 0.207589 0.065141 0.013393
1 0.224472 0.207589 0.040493 0.026786
1 0.706866 0.215960 0.036972 0.030134
0 0.650528 0.238281 0.033451 0.012277
1 0.621479 0.238281 0.034331 0.030134
1 0.852993 0.279018 0.038732 0.026786
1 0.463028 0.290737 0.037852 0.029018
0 0.885563 0.357701 0.065141 0.012277
1 0.844190 0.357701 0.026408 0.021205
1 0.427817 0.375000 0.036972 0.029576
1 0.673415 0.408482 0.040493 0.025670
1 0.540493 0.426897 0.031690 0.021205
1 0.427817 0.430804 0.036972 0.029576
1 0.253521 0.436384 0.030810 0.020647
0 0.220070 0.456473 0.034331 0.010603
1 0.187500 0.456473 0.038732 0.025112
0 0.068662 0.494420 0.086268 0.010603
1 0.018486 0.494978 0.036972 0.030134
1 0.110915 0.523438 0.042254 0.026786
1 0.311620 0.537388 0.028169 0.020089
0 0.978873 0.556920 0.042254 0.010045
1 0.943662 0.556920 0.036972 0.032366
1 0.645247 0.604911 0.031690 0.022879
0 0.131162 0.635603 0.089789 0.013393
1 0.077465 0.635603 0.026408 0.021205
0 0.401408 0.681362 0.093310 0.014509
1 0.965669 0.678013 0.029930 0.021205
1 0.338028 0.681362 0.042254 0.026786
0 0.536092 0.695312 0.066901 0.011161
1 0.485915 0.695312 0.042254 0.026786
1 0.728873 0.705357 0.040493 0.025670
0 0.939261 0.732701 0.063380 0.013393
1 0.299296 0.733259 0.032570 0.021763
1 0.894366 0.732701 0.034331 0.030134
0 0.130282 0.760045 0.059859 0.011161
1 0.089789 0.760045 0.029049 0.020089
1 0.698944 0.784598 0.029930 0.020647
1 0.470070 0.785714 0.040493 0.025670
1 0.762324 0.792411 0.030810 0.020647
1 0.839789 0.794643 0.036972 0.029576
1 0.257042 0.797991 0.039613 0.025112
1 0.966549 0.831473 0.028169 0.020089
0 0.365317 0.837612 0.061620 0.014509
0 0.227113 0.838728 0.061620 0.012277
1 0.185739 0.839286 0.029930 0.020647
1 0.709507 0.844866 0.038732 0.033482
1 0.965669 0.863839 0.035211 0.032924
2 0.207746 0.872768 0.038732 0.021763
