0 0.436620 0.007254 0.061620 0.011161
1 0.395246 0.010603 0.029930 0.021205
0 0.274648 0.021763 0.061620 0.013393
1 0.851232 0.021205 0.031690 0.021205
1 0.228873 0.021763 0.039613 0.025670
1 0.207746 0.059152 0.042254 0.026786
2 0.079225 0.061942 0.037852 0.032366
1 0.309859 0.073103 0.028169 0.020089
0 0.154930 0.090960 0.063380 0.011161
0 0.922535 0.094308 0.063380 0.011161
1 0.879401 0.094308 0.031690 0.021205
1 0.109155 0.090960 0.039613 0.033482
0 0.596831 0.106027 0.088028 0.010603
2 0.309859 0.129464 0.029930 0.028460
0 0.072183 0.148438 0.093310 0.013393
1 0.014965 0.148438 0.029930 0.021205
0 0.962148 0.201451 0.033451 0.012277
0 0.252641 0.201451 0.093310 0.013393
1 0.191901 0.201451 0.036972 0.030134
0 0.125000 0.215402 0.088028 0.012277
1 0.914613 0.208705 0.044014 0.034598
1 0.069542 0.215402 0.031690 0.021763
0 0.330986 0.254464 0.058099 0.010603
1 0.965669 0.255580 0.033451 0.022321
1 0.288732 0.254464 0.035211 0.032924
1 0.477113 0.275670 0.037852 0.032366
0 0.913732 0.338728 0.061620 0.013393
1 0.871479 0.338728 0.031690 0.021205
2 0.588028 0.349330 0.024648 0.022321
0 0.325704 0.356585 0.063380 0.012277
1 0.282570 0.356585 0.031690 0.022321
1 0.684859 0.359375 0.029930 0.020647
0 0.597711 0.362723 0.035211 0.013393
1 0.565141 0.362723 0.039613 0.025670
1 0.977993 0.366629 0.031690 0.021205
1 0.070423 0.382254 0.037852 0.029018
1 0.152289 0.415737 0.029930 0.021205
1 0.672535 0.411272 0.036092 0.032366
1 0.977113 0.459263 0.040493 0.026786
1 0.396127 0.470424 0.029930 0.021205
0 0.838028 0.473772 0.096831 0.014509
1 0.772887 0.474330 0.041373 0.025112
1 0.095951 0.477121 0.028169 0.022321
0 0.933099 0.511161 0.091549 0.014509
2 0.977113 0.505580 0.042254 0.029576
1 0.461268 0.511161 0.031690 0.021763
1 0.871479 0.511161 0.040493 0.025670
0 0.640845 0.541295 0.066021 0.013393
1 0.730634 0.536830 0.038732 0.026786
1 0.596831 0.541295 0.030810 0.020089
2 0.892606 0.546317 0.037852 0.026786
1 0.149648 0.565290 0.033451 0.022321
1 0.202465 0.577009 0.029930 0.021205
0 0.562500 0.588728 0.093310 0.012277
1 0.455986 0.585938 0.029930 0.021205
1 0.506162 0.588728 0.028169 0.020089
0 0.080986 0.604353 0.093310 0.012277
1 0.022887 0.604353 0.031690 0.022321
2 0.613556 0.599888 0.058099 0.036830
0 0.373239 0.615513 0.063380 0.013393
1 0.325704 0.615513 0.039613 0.025670
1 0.855634 0.623326 0.032570 0.021205
0 0.770247 0.633929 0.059859 0.012277
0 0.650528 0.637277 0.033451 0.009487
1 0.728873 0.633929 0.030810 0.020647
2 0.042254 0.630580 0.050176 0.034040
1 0.619718 0.637835 0.037852 0.029018
0 0.456866 0.652902 0.095070 0.014509
1 0.397887 0.652902 0.031690 0.022321
1 0.500000 0.658482 0.029930 0.020647
2 0.582747 0.661272 0.054577 0.036830
1 0.582747 0.688616 0.028169 0.022321
1 0.029930 0.688616 0.035211 0.023438
1 0.471831 0.714286 0.037852 0.032366
1 0.971831 0.719866 0.030810 0.020647
1 0.089789 0.728795 0.040493 0.025112
1 0.873239 0.784040 0.037852 0.029018
0 0.321303 0.797433 0.033451 0.012277
1 0.294014 0.797991 0.029930 0.020647
0 0.242958 0.809152 0.063380 0.013393
1 0.198944 0.809152 0.034331 0.030134
0 0.774648 0.832589 0.061620 0.012277
2 0.872359 0.821429 0.045775 0.039062
1 0.162852 0.831473 0.029930 0.020647
1 0.727993 0.832589 0.040493 0.025670
0 0.734155 0.872210 0.033451 0.012277
1 0.700704 0.872210 0.042254 0.026786
