1 0.700704 0.082589 0.029049 0.020089
1 0.804577 0.090402 0.032570 0.020647
1 0.644366 0.101004 0.041373 0.025670
0 0.390845 0.166295 0.066901 0.013393
1 0.346831 0.166295 0.030810 0.020089
0 0.823944 0.204241 0.063380 0.014509
1 0.149648 0.202567 0.041373 0.025670
1 0.778169 0.204241 0.036972 0.029576
0 0.646127 0.247210 0.063380 0.012277
0 0.544014 0.247768 0.088028 0.010603
1 0.598592 0.247210 0.040493 0.025670
1 0.483275 0.248326 0.042254 0.026786
1 0.973592 0.247768 0.034331 0.031808
1 0.424296 0.252790 0.039613 0.025670
0 0.404930 0.260045 0.091549 0.012277
1 0.345070 0.260045 0.037852 0.029018
2 0.304577 0.268415 0.036092 0.026786
2 0.149648 0.271763 0.046655 0.039062
0 0.763204 0.301897 0.061620 0.014509
1 0.903169 0.298549 0.029930 0.021205
2 0.973592 0.297991 0.036092 0.028460
1 0.714789 0.301897 0.044014 0.034598
1 0.587148 0.309152 0.040493 0.032366
1 0.406690 0.314732 0.044014 0.034598
1 0.183099 0.329799 0.034331 0.030134
0 0.509683 0.342076 0.065141 0.014509
1 0.463908 0.342076 0.035211 0.022321
1 0.332746 0.347656 0.029930 0.021205
0 0.042254 0.353795 0.056338 0.011161
1 0.020246 0.353795 0.040493 0.032366
1 0.574824 0.361607 0.038732 0.026786
0 0.273768 0.369978 0.063380 0.011161
1 0.225352 0.369420 0.041373 0.025112
1 0.096831 0.379464 0.035211 0.032924
1 0.770247 0.443638 0.036972 0.029018
1 0.614437 0.460938 0.038732 0.025112
0 0.590669 0.484375 0.033451 0.011161
1 0.563380 0.484375 0.029930 0.021205
2 0.580106 0.524554 0.040493 0.032366
0 0.522887 0.541853 0.033451 0.012277
1 0.489437 0.541853 0.042254 0.024554
0 0.374120 0.559152 0.033451 0.012277
1 0.345070 0.559152 0.032570 0.020647
1 0.074824 0.584821 0.038732 0.025112
0 0.399648 0.655134 0.033451 0.009487
1 0.369718 0.655134 0.037852 0.032366
0 0.621479 0.676339 0.091549 0.014509
1 0.563380 0.676339 0.033451 0.021205
0 0.320423 0.723214 0.065141 0.012277
0 0.860915 0.724330 0.063380 0.013393
1 0.271127 0.723214 0.041373 0.025670
1 0.813380 0.724330 0.040493 0.025670
1 0.695423 0.779576 0.031690 0.022321
0 0.311620 0.826451 0.035211 0.010045
1 0.283451 0.826451 0.030810 0.021205
0 0.360915 0.868862 0.063380 0.013393
1 0.318662 0.869420 0.032570 0.020647
0 0.498239 0.875000 0.060739 0.009487
1 0.457746 0.875000 0.028169 0.022321
2 0.477993 0.878348 0.024648 0.020089
