0 0.935739 0.012277 0.063380 0.012277
1 0.714789 0.014509 0.031690 0.022879
1 0.889085 0.016741 0.038732 0.033482
0 0.105634 0.038504 0.089789 0.014509
0 0.653169 0.041853 0.033451 0.012277
1 0.045775 0.038504 0.039613 0.025670
1 0.621479 0.041853 0.037852 0.029018
1 0.346831 0.042411 0.038732 0.033482
0 0.838908 0.078125 0.061620 0.014509
1 0.796655 0.078125 0.031690 0.022321
1 0.250880 0.079799 0.028169 0.020089
1 0.971831 0.080915 0.037852 0.029018
1 0.441901 0.101562 0.033451 0.021205
0 0.931338 0.155692 0.093310 0.012277
1 0.874120 0.156250 0.029930 0.020647
0 0.710387 0.161272 0.088028 0.012277
2 0.192782 0.157366 0.026408 0.022879
2 0.354754 0.154576 0.036972 0.029018
1 0.584507 0.162388 0.040493 0.026786
1 0.652289 0.161830 0.036972 0.029576
1 0.303697 0.167411 0.028169 0.020089
1 0.014965 0.195312 0.029930 0.020647
1 0.529930 0.214286 0.032570 0.020647
2 0.891725 0.205915 0.063380 0.044643
1 0.686620 0.215960 0.036092 0.032366
1 0.154930 0.231027 0.029930 0.020647
1 0.378521 0.262835 0.028169 0.020089
1 0.566901 0.258929 0.036972 0.030134
1 0.813380 0.277902 0.037852 0.032366
1 0.262324 0.301339 0.032570 0.022321
0 0.814261 0.306920 0.061620 0.013393
1 0.610915 0.304688 0.032570 0.020647
1 0.771127 0.306920 0.034331 0.030134
0 0.131162 0.325893 0.093310 0.014509
1 0.067782 0.325893 0.042254 0.026786
0 0.925176 0.333147 0.061620 0.012277
1 0.885563 0.333147 0.029049 0.020089
0 0.929577 0.346540 0.065141 0.012277
1 0.886444 0.346540 0.029930 0.021205
0 0.386444 0.359375 0.063380 0.014509
1 0.345070 0.359375 0.026408 0.021205
1 0.553697 0.365513 0.031690 0.022321
0 0.710387 0.373884 0.033451 0.009487
1 0.684859 0.374442 0.026408 0.021205
2 0.094190 0.371652 0.045775 0.030692
1 0.949824 0.381696 0.028169 0.020089
2 0.484155 0.383929 0.045775 0.027344
1 0.195423 0.390625 0.041373 0.034040
1 0.117958 0.407366 0.031690 0.021763
1 0.238556 0.411830 0.028169 0.020089
0 0.056338 0.417969 0.036092 0.010045
2 0.144366 0.404018 0.056338 0.039621
1 0.026408 0.417411 0.032570 0.020647
2 0.902289 0.422991 0.073944 0.038504
0 0.485035 0.492746 0.033451 0.012277
1 0.454225 0.492746 0.037852 0.032366
0 0.063380 0.548549 0.035211 0.011161
0 0.971831 0.552455 0.056338 0.012277
1 0.033451 0.548549 0.033451 0.021205
2 0.524648 0.549107 0.031690 0.028460
1 0.933979 0.552455 0.028169 0.022321
1 0.502641 0.554688 0.040493 0.025670
0 0.470070 0.563616 0.034331 0.009487
1 0.439261 0.563616 0.035211 0.032924
2 0.437500 0.591518 0.047535 0.035714
1 0.694542 0.604911 0.038732 0.026786
1 0.853873 0.608259 0.040493 0.025670
0 0.543134 0.616071 0.061620 0.013393
1 0.501761 0.616071 0.030810 0.020647
0 0.330106 0.625000 0.065141 0.013393
1 0.282570 0.625000 0.038732 0.025112
0 0.382042 0.653460 0.061620 0.013393
1 0.341549 0.653460 0.029049 0.020089
1 0.613556 0.668527 0.031690 0.021763
0 0.054577 0.707031 0.066901 0.013393
1 0.019366 0.707031 0.038732 0.025670
0 0.721831 0.729353 0.065141 0.013393
1 0.415493 0.763393 0.037852 0.032924
0 0.889085 0.780134 0.091549 0.014509
1 0.827465 0.780134 0.040493 0.025670
0 0.471831 0.792969 0.036092 0.010045
1 0.441901 0.793527 0.032570 0.021763
1 0.311620 0.799107 0.038732 0.026786
1 0.649648 0.807478 0.036092 0.032366
1 0.360915 0.820312 0.029930 0.020647
1 0.198944 0.830357 0.031690 0.022321
2 0.849472 0.836496 0.049296 0.033482
1 0.106514 0.844308 0.031690 0.021205
0 0.044894 0.857143 0.033451 0.011161
0 0.987676 0.858259 0.024648 0.010603
1 0.017606 0.857143 0.030810 0.020647
1 0.964789 0.858259 0.030810 0.020089
2 0.044014 0.877790 0.034331 0.029018
0 0.367958 0.894531 0.038732 0.012277
1 0.339789 0.894531 0.026408 0.021205
