1 0.321303 0.114955 0.031690 0.021763
1 0.476232 0.241629 0.028169 0.020089
0 0.807218 0.385045 0.033451 0.012277
1 0.776408 0.385045 0.037852 0.032366
2 0.801056 0.413504 0.051056 0.026786
0 0.198944 0.430246 0.059859 0.011161
1 0.154930 0.430246 0.037852 0.032366
2 0.179577 0.477679 0.053697 0.040737
1 0.580986 0.484933 0.038732 0.026786
2 0.580986 0.549107 0.036092 0.022879
1 0.469190 0.604911 0.040493 0.025670
2 0.469190 0.627790 0.036972 0.027902
0 0.413732 0.666295 0.033451 0.012277
1 0.386444 0.666295 0.029930 0.021205
1 0.670775 0.771763 0.041373 0.025670
0 0.769366 0.849330 0.085387 0.009487
1 0.711268 0.849330 0.039613 0.025670
