1 0.268486 0.032366 0.040493 0.026786
0 0.397007 0.045759 0.088028 0.010603
1 0.343310 0.045759 0.028169 0.020089
0 0.721831 0.050223 0.089789 0.013393
1 0.667253 0.050223 0.028169 0.022321
1 0.637324 0.059710 0.030810 0.020089
2 0.797535 0.058036 0.029049 0.026228
0 0.267606 0.084821 0.034331 0.009487
1 0.237676 0.084821 0.031690 0.021205
2 0.637324 0.085379 0.024648 0.022321
2 0.263204 0.120536 0.031690 0.030134
1 0.306338 0.122210 0.037852 0.029018
0 0.392606 0.146763 0.063380 0.013393
0 0.977993 0.150670 0.044014 0.012277
1 0.944542 0.150670 0.031690 0.022321
0 0.233275 0.194196 0.093310 0.012277
0 0.655810 0.324219 0.063380 0.014509
1 0.608275 0.324219 0.040493 0.032366
1 0.030810 0.330357 0.040493 0.025670
1 0.516725 0.375000 0.028169 0.020089
1 0.316901 0.417969 0.031690 0.022321
1 0.054577 0.417969 0.037852 0.029018
0 0.713908 0.496094 0.063380 0.013393
1 0.670775 0.495536 0.032570 0.021763
0 0.818662 0.566964 0.061620 0.013393
0 0.411972 0.569196 0.033451 0.008929
1 0.778169 0.566964 0.028169 0.022321
1 0.379401 0.569196 0.040493 0.025670
0 0.152289 0.583705 0.061620 0.013393
1 0.105634 0.583705 0.039613 0.025112
0 0.669894 0.631138 0.066901 0.013393
0 0.923415 0.637835 0.061620 0.012277
1 0.033451 0.628348 0.036092 0.032366
1 0.622359 0.631138 0.036972 0.032366
1 0.882923 0.637835 0.028169 0.022321
2 0.799296 0.639509 0.027289 0.023438
0 0.855634 0.654576 0.033451 0.012277
1 0.823063 0.654576 0.040493 0.025670
0 0.388204 0.670759 0.084507 0.011161
1 0.335387 0.670759 0.029930 0.020647
0 0.726232 0.681362 0.061620 0.013393
1 0.681338 0.681362 0.037852 0.032366
1 0.021127 0.696429 0.041373 0.025112
2 0.580986 0.735491 0.036092 0.029576
0 0.382042 0.746652 0.088028 0.012277
1 0.559859 0.743862 0.032570 0.021205
1 0.322183 0.746652 0.040493 0.025670
0 0.205986 0.768415 0.063380 0.013393
1 0.160211 0.768415 0.037852 0.029018
0 0.800176 0.784040 0.091549 0.013393
1 0.744718 0.784040 0.028169 0.022321
0 0.372359 0.810268 0.059859 0.010045
1 0.330986 0.810268 0.032570 0.021205
0 0.274648 0.817522 0.063380 0.013393
1 0.233275 0.817522 0.028169 0.020089
1 0.033451 0.833705 0.031690 0.022321
2 0.033451 0.847098 0.024648 0.019531
1 0.146127 0.848214 0.039613 0.025112
0 0.370599 0.861049 0.061620 0.013393
1 0.323944 0.861049 0.039613 0.033482
1 0.636444 0.886719 0.036972 0.029018
