0 0.447183 0.002790 0.061620 0.005580
1 0.786972 0.047991 0.037852 0.032366
0 0.969190 0.058036 0.061620 0.013393
1 0.927817 0.058036 0.029930 0.021205
2 0.705986 0.058036 0.043134 0.037946
1 0.705986 0.070871 0.034331 0.030134
1 0.306338 0.129464 0.037852 0.032924
1 0.070423 0.152902 0.037852 0.032366
2 0.306338 0.234375 0.021127 0.017857
1 0.241197 0.288504 0.040493 0.025670
1 0.026408 0.290737 0.044014 0.034598
1 0.315141 0.366071 0.035211 0.022321
1 0.632923 0.390625 0.036972 0.029576
0 0.823944 0.445312 0.063380 0.012277
1 0.780810 0.445312 0.031690 0.022879
1 0.023768 0.500000 0.035211 0.023438
0 0.923415 0.512277 0.056338 0.011161
1 0.883803 0.512277 0.032570 0.021205
1 0.755282 0.523438 0.036972 0.029576
1 0.296655 0.569754 0.044014 0.034598
0 0.529930 0.598214 0.058979 0.009487
0 0.872359 0.599330 0.061620 0.012277
1 0.718310 0.598214 0.029049 0.020089
1 0.832747 0.599330 0.026408 0.021205
1 0.482394 0.598772 0.042254 0.026786
1 0.970070 0.605469 0.029930 0.021205
2 0.742958 0.616629 0.037852 0.030134
1 0.694542 0.624442 0.040493 0.025670
0 0.657570 0.658482 0.088028 0.012835
1 0.603873 0.658482 0.028169 0.020647
2 0.508803 0.666853 0.022007 0.018973
0 0.910211 0.741071 0.033451 0.012277
1 0.878521 0.741071 0.039613 0.025670
0 0.067782 0.792411 0.061620 0.013393
1 0.025528 0.792411 0.031690 0.022321
0 0.553697 0.805246 0.065141 0.013393
1 0.510563 0.805246 0.032570 0.021205
2 0.533451 0.830357 0.039613 0.029576
0 0.034331 0.856027 0.059859 0.012277
1 0.015845 0.856027 0.031690 0.022879
2 0.016725 0.878348 0.026408 0.023438
0 0.584507 0.891741 0.034331 0.010603
1 0.556338 0.891741 0.032570 0.020647
