1 0.973592 0.010045 0.030810 0.020089
1 0.261444 0.016183 0.040493 0.032366
1 0.366197 0.040737 0.037852 0.029018
0 0.606514 0.066964 0.093310 0.013393
1 0.542253 0.066964 0.044014 0.034598
0 0.966549 0.094866 0.066901 0.010045
1 0.921655 0.094866 0.029930 0.020647
1 0.253521 0.133929 0.040493 0.026786
0 0.056338 0.151786 0.061620 0.013393
1 0.015845 0.151786 0.028169 0.020089
1 0.460387 0.155134 0.029930 0.020647
1 0.109155 0.167969 0.040493 0.025670
1 0.843310 0.168527 0.040493 0.025112
1 0.514085 0.170201 0.042254 0.026786
0 0.714789 0.185826 0.063380 0.011161
0 0.985915 0.209821 0.028169 0.014509
1 0.479754 0.219866 0.031690 0.022321
0 0.062500 0.264509 0.059859 0.012277
1 0.018486 0.264509 0.036972 0.023438
1 0.051056 0.331473 0.039613 0.025112
0 0.308979 0.355469 0.063380 0.012277
0 0.597711 0.361607 0.061620 0.014509
1 0.262324 0.355469 0.039613 0.033482
1 0.551056 0.361607 0.038732 0.033482
0 0.070423 0.402902 0.063380 0.013393
1 0.028169 0.402902 0.029930 0.021205
1 0.678697 0.420201 0.040493 0.026786
2 0.678697 0.439732 0.028169 0.022879
1 0.920775 0.476562 0.037852 0.032366
1 0.293134 0.521205 0.033451 0.021205
2 0.920775 0.523438 0.027289 0.026228
2 0.316901 0.523996 0.040493 0.039062
1 0.887324 0.555804 0.038732 0.025112
0 0.082746 0.569196 0.033451 0.012277
1 0.057218 0.569196 0.026408 0.021205
1 0.674296 0.574777 0.041373 0.025112
1 0.963028 0.593750 0.031690 0.021205
1 0.888204 0.619978 0.042254 0.026786
2 0.922535 0.629464 0.041373 0.037388
1 0.083627 0.683594 0.042254 0.026786
0 0.981514 0.700893 0.036972 0.012277
2 0.735915 0.724330 0.036972 0.029576
0 0.743838 0.739397 0.033451 0.010045
1 0.631162 0.736607 0.031690 0.021763
1 0.715669 0.739397 0.031690 0.021205
1 0.093310 0.756138 0.036972 0.029018
1 0.964789 0.774554 0.034331 0.030134
1 0.871479 0.781808 0.037852 0.032366
1 0.148768 0.822545 0.036972 0.030692
0 0.278169 0.877232 0.061620 0.013393
1 0.536092 0.875558 0.036972 0.023438
1 0.234155 0.877232 0.036092 0.032366
