0 0.713028 0.004464 0.060739 0.008929
1 0.665493 0.012277 0.041373 0.024554
1 0.680458 0.051339 0.035211 0.022321
2 0.681338 0.067522 0.041373 0.036830
0 0.713028 0.142857 0.059859 0.010603
1 0.673415 0.142857 0.028169 0.020089
1 0.517606 0.142857 0.028169 0.022321
2 0.517606 0.166853 0.058979 0.035714
0 0.402289 0.228795 0.095070 0.010045
1 0.340669 0.228795 0.036972 0.030134
1 0.605634 0.260603 0.029049 0.020089
0 0.284331 0.281250 0.063380 0.012277
1 0.853873 0.276228 0.036972 0.029018
1 0.237676 0.281250 0.037852 0.029018
0 0.446303 0.339286 0.065141 0.012277
1 0.808099 0.333705 0.041373 0.034040
1 0.396127 0.339286 0.042254 0.024554
1 0.847711 0.347098 0.040493 0.025670
1 0.205986 0.458705 0.037852 0.032366
1 0.535211 0.463170 0.036972 0.030692
0 0.804577 0.510045 0.029930 0.012277
0 0.342430 0.511161 0.061620 0.013393
1 0.149648 0.507812 0.028169 0.022321
1 0.776408 0.510045 0.035211 0.022321
1 0.302817 0.511161 0.026408 0.021205
1 0.625000 0.518973 0.030810 0.021205
0 0.227113 0.544085 0.085387 0.011161
1 0.167254 0.543527 0.041373 0.034040
1 0.649648 0.555246 0.034331 0.030134
0 0.512324 0.588170 0.084507 0.011161
1 0.455986 0.588170 0.036972 0.029576
1 0.749120 0.595982 0.036972 0.029576
2 0.632923 0.601562 0.038732 0.032924
0 0.919894 0.626116 0.063380 0.013393
1 0.876761 0.626116 0.031690 0.022879
1 0.633803 0.630022 0.030810 0.020089
1 0.369718 0.638951 0.039613 0.025670
0 0.374120 0.737723 0.033451 0.011161
1 0.343310 0.737723 0.036972 0.029018
1 0.678697 0.739397 0.038732 0.033482
1 0.605634 0.746652 0.034331 0.031808
2 0.630282 0.762277 0.047535 0.031808
1 0.857394 0.786272 0.037852 0.032366
1 0.640845 0.853795 0.042254 0.026786
