1 0.639085 0.107143 0.041373 0.034040
1 0.374120 0.154018 0.028169 0.022321
1 0.316021 0.208705 0.028169 0.022321
0 0.497359 0.220982 0.063380 0.013393
1 0.448944 0.220982 0.041373 0.025670
0 0.054577 0.239955 0.036092 0.010045
0 0.836268 0.244978 0.061620 0.013393
1 0.021127 0.239955 0.037852 0.032366
0 0.885563 0.252232 0.063380 0.012277
1 0.792253 0.244420 0.035211 0.032924
1 0.841549 0.252232 0.033451 0.021205
1 0.240317 0.275670 0.036972 0.029018
2 0.316021 0.287388 0.035211 0.032366
1 0.971831 0.337054 0.037852 0.032924
1 0.093310 0.342076 0.036092 0.032366
1 0.352113 0.345982 0.037852 0.032924
1 0.970070 0.354911 0.041373 0.025112
1 0.903169 0.357143 0.038732 0.025112
0 0.263204 0.372768 0.059859 0.009487
1 0.215669 0.373326 0.044014 0.034598
1 0.575704 0.379464 0.037852 0.032366
0 0.073944 0.402344 0.088028 0.011161
1 0.017606 0.402344 0.033451 0.022321
1 0.245599 0.414621 0.035211 0.022321
0 0.422535 0.469866 0.058099 0.010603
1 0.858275 0.467634 0.028169 0.020647
1 0.377641 0.469308 0.040493 0.025670
0 0.429577 0.512277 0.061620 0.012277
1 0.389085 0.512277 0.028169 0.020647
2 0.038732 0.525670 0.046655 0.032366
0 0.042254 0.544643 0.035211 0.013393
1 0.014965 0.544643 0.029930 0.020647
0 0.316021 0.560268 0.091549 0.013393
1 0.259683 0.560268 0.028169 0.022321
1 0.719190 0.573661 0.035211 0.023438
1 0.095070 0.594866 0.037852 0.032366
0 0.847711 0.621652 0.063380 0.014509
1 0.804577 0.621652 0.032570 0.021763
1 0.705106 0.621652 0.036972 0.030692
1 0.250000 0.643973 0.029930 0.020647
1 0.367958 0.648438 0.030810 0.020647
1 0.464789 0.652344 0.029049 0.020089
0 0.651408 0.662388 0.063380 0.013393
1 0.609155 0.662388 0.029049 0.020089
1 0.532570 0.664621 0.038732 0.033482
1 0.926056 0.710938 0.032570 0.021205
2 0.626761 0.709821 0.035211 0.030692
1 0.350352 0.720982 0.037852 0.032924
1 0.220070 0.772879 0.029049 0.020089
0 0.450704 0.837054 0.061620 0.014509
1 0.205986 0.847098 0.036972 0.030692
1 0.519366 0.850446 0.041373 0.025112
