1 0.957747 0.012835 0.040493 0.025670
0 0.312500 0.035156 0.063380 0.013393
1 0.272007 0.035156 0.026408 0.021205
0 0.875880 0.061942 0.093310 0.012277
1 0.813380 0.061942 0.038732 0.026786
1 0.757923 0.073103 0.042254 0.024554
0 0.389085 0.127232 0.085387 0.010603
1 0.330106 0.126674 0.040493 0.025670
1 0.244718 0.203125 0.036972 0.030692
1 0.169894 0.227679 0.031690 0.022321
1 0.574824 0.228795 0.028169 0.022321
1 0.521127 0.244420 0.040493 0.025112
1 0.272887 0.284598 0.032570 0.020647
0 0.218310 0.314732 0.056338 0.011161
1 0.179577 0.314732 0.029930 0.021205
2 0.272887 0.319196 0.057218 0.036272
0 0.640845 0.331473 0.033451 0.012277
1 0.412852 0.329241 0.028169 0.022321
1 0.608275 0.331473 0.040493 0.025670
1 0.031690 0.347656 0.042254 0.024554
0 0.344190 0.381696 0.088028 0.012835
1 0.290493 0.381696 0.028169 0.020089
2 0.126761 0.383929 0.026408 0.021205
0 0.864437 0.398438 0.059859 0.010603
1 0.823063 0.398438 0.031690 0.022879
0 0.151408 0.407924 0.061620 0.013393
1 0.743838 0.405134 0.029930 0.021205
1 0.103873 0.407924 0.042254 0.024554
0 0.820423 0.448661 0.061620 0.013393
1 0.773768 0.448661 0.040493 0.026786
1 0.646127 0.458705 0.041373 0.034040
0 0.569542 0.473214 0.061620 0.013393
0 0.251761 0.477679 0.033451 0.012277
1 0.522887 0.473214 0.040493 0.025670
1 0.223592 0.477679 0.031690 0.022321
0 0.398768 0.513393 0.061620 0.013393
1 0.484155 0.507254 0.037852 0.032366
1 0.356514 0.513393 0.031690 0.021763
2 0.245599 0.524554 0.029930 0.025112
2 0.551056 0.523996 0.032570 0.031250
2 0.484155 0.528460 0.053697 0.040179
1 0.360915 0.562500 0.038732 0.025112
0 0.423415 0.599330 0.059859 0.011161
1 0.382042 0.599330 0.029930 0.020647
1 0.632042 0.611049 0.032570 0.021205
1 0.481514 0.614955 0.029930 0.021205
1 0.301937 0.635603 0.042254 0.026786
2 0.156690 0.638393 0.037852 0.030692
1 0.419014 0.661830 0.030810 0.020647
1 0.912852 0.669085 0.040493 0.025670
1 0.470951 0.684710 0.038732 0.026786
2 0.470951 0.726562 0.028169 0.025112
0 0.205106 0.754464 0.065141 0.012277
1 0.158451 0.754464 0.037852 0.032366
1 0.676056 0.767299 0.036972 0.023438
0 0.940141 0.815848 0.056338 0.011161
1 0.897007 0.815848 0.038732 0.026786
1 0.619718 0.821987 0.042254 0.026786
0 0.352993 0.832031 0.093310 0.012277
1 0.290493 0.832589 0.040493 0.025112
2 0.318662 0.855469 0.027289 0.022321
0 0.647007 0.873884 0.088028 0.011161
1 0.589789 0.873884 0.037852 0.032366
1 0.380282 0.894531 0.031690 0.022321
