1 0.642606 0.015625 0.034331 0.031250
0 0.216549 0.029018 0.059859 0.010603
1 0.170775 0.028460 0.040493 0.026786
1 0.927817 0.061384 0.032570 0.020647
1 0.797535 0.063616 0.029930 0.020647
0 0.158451 0.094308 0.036092 0.010045
1 0.125000 0.094308 0.036972 0.029018
1 0.022007 0.106027 0.029930 0.020647
0 0.321303 0.110491 0.061620 0.012277
1 0.274648 0.110491 0.040493 0.025112
0 0.563380 0.140067 0.095070 0.010045
1 0.501761 0.140067 0.036972 0.029018
0 0.867958 0.156808 0.035211 0.013393
1 0.033451 0.154018 0.030810 0.020647
1 0.839789 0.156808 0.032570 0.021205
1 0.102113 0.165179 0.036972 0.029576
1 0.643486 0.171317 0.028169 0.022321
1 0.955106 0.188058 0.028169 0.022321
0 0.378521 0.282924 0.063380 0.013393
1 0.334507 0.282366 0.034331 0.031808
0 0.385563 0.327009 0.088028 0.012835
1 0.974472 0.322545 0.040493 0.026786
1 0.433099 0.327009 0.039613 0.025112
1 0.083627 0.369978 0.040493 0.025670
1 0.873239 0.376674 0.028169 0.022321
1 0.532570 0.380022 0.036972 0.032366
1 0.580106 0.393973 0.033451 0.022321
1 0.955986 0.404018 0.029930 0.021205
1 0.793134 0.420759 0.028169 0.020647
0 0.292254 0.435268 0.059859 0.012277
1 0.246479 0.435268 0.039613 0.025670
1 0.983275 0.455357 0.031690 0.021763
1 0.441901 0.478795 0.028169 0.020647
0 0.647887 0.531250 0.059859 0.009487
1 0.607394 0.530692 0.029930 0.021205
1 0.183099 0.532366 0.032570 0.022321
0 0.977113 0.561942 0.045775 0.013393
0 0.549296 0.569196 0.086268 0.010603
1 0.940141 0.561384 0.036972 0.030692
1 0.495599 0.569196 0.029930 0.020647
1 0.783451 0.585938 0.029930 0.020647
1 0.956866 0.593750 0.031690 0.022321
1 0.735915 0.595982 0.029930 0.020647
1 0.740317 0.636161 0.040493 0.025112
0 0.838028 0.643973 0.063380 0.011161
1 0.796655 0.643973 0.028169 0.020089
1 0.205106 0.682478 0.040493 0.025670
1 0.904930 0.719866 0.034331 0.031808
1 0.614437 0.761161 0.037852 0.029018
0 0.971831 0.827009 0.056338 0.012277
1 0.933979 0.827009 0.028169 0.022321
0 0.191021 0.832031 0.091549 0.014509
1 0.132923 0.832031 0.033451 0.021205
1 0.403169 0.834821 0.038732 0.026786
0 0.491197 0.858259 0.063380 0.014509
1 0.443662 0.858259 0.041373 0.025670
1 0.878521 0.858259 0.036972 0.029576
1 0.963028 0.901228 0.029930 0.021205
0 0.429577 0.909598 0.031690 0.009487
1 0.399648 0.909598 0.036972 0.029576
