0 0.439261 0.003348 0.063380 0.006696
1 0.396127 0.011161 0.032570 0.022321
1 0.358275 0.025112 0.040493 0.025670
1 0.950704 0.053013 0.030810 0.021205
0 0.605634 0.063616 0.085387 0.010603
1 0.547535 0.063616 0.036972 0.029576
1 0.200704 0.071429 0.039613 0.025112
1 0.260563 0.112723 0.034331 0.031808
1 0.034331 0.119420 0.028169 0.022321
1 0.975352 0.129464 0.037852 0.029018
0 0.625000 0.162946 0.066901 0.013393
1 0.575704 0.162946 0.040493 0.025670
0 0.701585 0.182478 0.065141 0.012277
1 0.654049 0.182478 0.038732 0.033482
0 0.273768 0.199777 0.031690 0.009487
1 0.244718 0.199777 0.035211 0.022321
0 0.875880 0.232143 0.058099 0.013393
0 0.191021 0.269531 0.033451 0.012277
1 0.164613 0.269531 0.028169 0.022321
1 0.639965 0.272321 0.031690 0.022321
1 0.038732 0.273996 0.030810 0.021205
1 0.434859 0.268973 0.037852 0.032366
0 0.782570 0.290179 0.058099 0.010045
1 0.742077 0.290179 0.031690 0.021763
1 0.264085 0.292411 0.032570 0.022321
1 0.920775 0.298549 0.026408 0.021205
1 0.318662 0.305246 0.042254 0.026786
0 0.621479 0.313616 0.088028 0.012835
1 0.566901 0.313616 0.029930 0.020647
0 0.974472 0.379464 0.051056 0.011161
1 0.643486 0.378348 0.031690 0.021763
1 0.933979 0.379464 0.038732 0.025112
0 0.072183 0.396763 0.063380 0.012277
1 0.029049 0.397321 0.031690 0.021763
1 0.852113 0.435268 0.031690 0.022321
1 0.281690 0.494420 0.029930 0.021205
1 0.717430 0.498326 0.038732 0.026786
0 0.040493 0.518415 0.035211 0.012277
1 0.018486 0.518973 0.036972 0.030692
0 0.457746 0.531250 0.093310 0.013393
1 0.396127 0.531250 0.039613 0.025670
0 0.306338 0.556920 0.059859 0.009487
1 0.364437 0.555804 0.035211 0.023438
1 0.262324 0.556920 0.036972 0.029576
1 0.491197 0.571429 0.032570 0.020647
1 0.400528 0.592076 0.028169 0.022321
1 0.102113 0.595982 0.028169 0.020647
0 0.777289 0.603237 0.065141 0.012277
1 0.730634 0.603237 0.037852 0.032366
1 0.588028 0.658482 0.040493 0.025112
1 0.415493 0.662388 0.039613 0.033482
1 0.062500 0.670759 0.040493 0.025670
0 0.724472 0.685268 0.084507 0.011161
1 0.667253 0.685268 0.037852 0.029018
0 0.744718 0.747210 0.087148 0.010045
1 0.565141 0.750000 0.039613 0.033482
0 0.191021 0.768973 0.096831 0.014509
1 0.860035 0.764509 0.036972 0.030134
1 0.132042 0.768973 0.029930 0.021205
1 0.285211 0.789621 0.029049 0.020089
1 0.955986 0.797991 0.036972 0.029576
1 0.909331 0.810826 0.031690 0.022321
