1 0.578345 0.145089 0.036972 0.023438
0 0.542253 0.153460 0.059859 0.012277
1 0.496479 0.153460 0.040493 0.032366
0 0.767606 0.163504 0.063380 0.013393
1 0.723592 0.163504 0.036092 0.032366
1 0.783451 0.256138 0.040493 0.026786
0 0.972711 0.318638 0.033451 0.012277
1 0.946303 0.318638 0.028169 0.020089
0 0.186620 0.364397 0.035211 0.012277
1 0.154049 0.364397 0.038732 0.033482
0 0.496479 0.523996 0.063380 0.012277
1 0.450704 0.523996 0.036092 0.032366
1 0.845951 0.585938 0.028169 0.022321
1 0.730634 0.622210 0.039613 0.033482
0 0.494718 0.656250 0.061620 0.014509
1 0.452465 0.656250 0.030810 0.020647
0 0.278169 0.664062 0.063380 0.013393
1 0.232394 0.664062 0.037852 0.032924
1 0.148768 0.772321 0.038732 0.025112
