1 0.157570 0.036272 0.026408 0.021205
1 0.318662 0.084821 0.028169 0.020089
0 0.873239 0.094308 0.063380 0.012277
1 0.260563 0.089286 0.040493 0.032366
1 0.825704 0.094308 0.040493 0.032366
1 0.100352 0.118862 0.036092 0.032366
0 0.589789 0.134487 0.033451 0.012277
1 0.561620 0.134487 0.031690 0.022321
0 0.437500 0.140625 0.033451 0.013393
1 0.408451 0.140625 0.033451 0.021205
2 0.318662 0.145647 0.038732 0.024554
1 0.683099 0.165179 0.032570 0.021205
0 0.753521 0.203125 0.033451 0.012277
1 0.725352 0.203125 0.031690 0.022321
0 0.602993 0.211496 0.065141 0.013393
1 0.147887 0.208147 0.040493 0.025670
1 0.556338 0.211496 0.037852 0.032366
2 0.578345 0.227679 0.033451 0.022879
1 0.729753 0.232143 0.028169 0.020089
1 0.198944 0.264509 0.030810 0.020647
0 0.512324 0.277344 0.091549 0.012277
0 0.149648 0.279018 0.060739 0.010603
1 0.103873 0.279018 0.038732 0.026786
1 0.451585 0.277344 0.038732 0.033482
1 0.085387 0.280692 0.038732 0.026786
0 0.406690 0.314174 0.063380 0.013393
2 0.262324 0.308594 0.043134 0.029018
1 0.359155 0.314174 0.040493 0.025670
1 0.261444 0.318080 0.038732 0.025112
0 0.228873 0.326451 0.059859 0.010045
1 0.190141 0.326451 0.026408 0.021205
1 0.623239 0.343192 0.031690 0.022321
2 0.970070 0.341518 0.059859 0.040179
1 0.116197 0.372210 0.040493 0.026786
1 0.239437 0.375000 0.028169 0.022321
1 0.044014 0.377232 0.039613 0.025112
0 0.669014 0.390625 0.087148 0.010045
1 0.613556 0.390625 0.031690 0.022321
0 0.620599 0.406250 0.063380 0.011161
1 0.753521 0.403460 0.029930 0.021205
1 0.573944 0.406250 0.041373 0.025112
0 0.342430 0.496652 0.093310 0.013393
1 0.283451 0.496652 0.031690 0.022879
0 0.527289 0.508929 0.095070 0.010045
1 0.468310 0.508929 0.030810 0.021205
0 0.595070 0.526786 0.063380 0.012277
1 0.547535 0.526786 0.041373 0.025112
0 0.804577 0.538504 0.066901 0.011161
1 0.139085 0.531250 0.036972 0.029018
1 0.759683 0.538504 0.031690 0.022321
0 0.712148 0.552455 0.058099 0.010045
1 0.670775 0.552455 0.032570 0.021205
1 0.428697 0.556362 0.044014 0.034598
0 0.228873 0.587612 0.061620 0.013393
1 0.188380 0.587612 0.028169 0.020089
0 0.766725 0.593192 0.061620 0.013393
1 0.571303 0.590402 0.031690 0.022321
1 0.724472 0.593192 0.031690 0.022321
1 0.401408 0.609375 0.041373 0.025112
2 0.429577 0.622768 0.034331 0.022879
1 0.496479 0.623326 0.028169 0.022321
0 0.631162 0.748326 0.059859 0.012277
1 0.590669 0.748326 0.029930 0.021205
0 0.270246 0.802455 0.065141 0.013393
0 0.862676 0.838170 0.060739 0.009487
1 0.822183 0.838170 0.030810 0.020647
0 0.218310 0.849330 0.058979 0.009487
1 0.173415 0.848772 0.038732 0.033482
