0 0.553697 0.044085 0.093310 0.013393
1 0.494718 0.044643 0.032570 0.021763
1 0.596831 0.078683 0.030810 0.021205
0 0.191901 0.094866 0.088028 0.010603
1 0.632923 0.131696 0.031690 0.022879
1 0.477113 0.182478 0.039613 0.025670
0 0.704225 0.192522 0.035211 0.010045
1 0.421655 0.193080 0.028169 0.022321
1 0.669894 0.192522 0.042254 0.026786
0 0.389965 0.204799 0.061620 0.013393
1 0.347711 0.204799 0.031690 0.022321
1 0.730634 0.229353 0.028169 0.020089
1 0.867958 0.238839 0.031690 0.022321
0 0.971831 0.246094 0.056338 0.011161
1 0.931338 0.246094 0.030810 0.020089
0 0.039613 0.250558 0.029930 0.012277
1 0.015845 0.250558 0.031690 0.021205
1 0.762324 0.301339 0.028169 0.022321
1 0.683099 0.318080 0.039613 0.025112
0 0.117077 0.340402 0.063380 0.013393
1 0.070423 0.340402 0.037852 0.029018
1 0.904930 0.356027 0.028169 0.020089
0 0.971831 0.360491 0.056338 0.012277
1 0.252641 0.356585 0.029930 0.021205
0 0.492958 0.364955 0.085387 0.009487
1 0.925176 0.360491 0.042254 0.024554
1 0.440141 0.364955 0.030810 0.020647
1 0.717430 0.377232 0.040493 0.025112
0 0.897887 0.433036 0.085387 0.010603
1 0.198063 0.429129 0.033451 0.022321
1 0.843310 0.433036 0.031690 0.022879
0 0.694542 0.498326 0.029930 0.012277
1 0.668134 0.498326 0.031690 0.022321
0 0.377641 0.513393 0.061620 0.014509
1 0.332746 0.513393 0.036972 0.030134
1 0.747359 0.517857 0.031690 0.021763
0 0.933099 0.525112 0.061620 0.014509
1 0.890845 0.525112 0.031690 0.022321
0 0.296655 0.540179 0.033451 0.011161
1 0.269366 0.540179 0.029930 0.020647
0 0.867077 0.555246 0.066901 0.013393
1 0.818662 0.555246 0.038732 0.026786
0 0.727113 0.575335 0.059859 0.012277
1 0.596831 0.571429 0.041373 0.025112
1 0.685739 0.574777 0.031690 0.021763
1 0.469190 0.605469 0.031690 0.022321
0 0.947183 0.618304 0.085387 0.010603
0 0.068662 0.637835 0.093310 0.013393
1 0.015845 0.637835 0.031690 0.021205
1 0.191901 0.652344 0.028169 0.022321
1 0.718310 0.650670 0.035211 0.032924
0 0.928697 0.695312 0.035211 0.012277
1 0.898768 0.695312 0.033451 0.022321
0 0.750880 0.725446 0.063380 0.012277
1 0.705986 0.725446 0.036092 0.032366
1 0.365317 0.731027 0.042254 0.026786
1 0.213028 0.747210 0.038732 0.026786
1 0.308099 0.776786 0.032570 0.021205
0 0.982394 0.785714 0.035211 0.013393
0 0.882923 0.789621 0.063380 0.012277
1 0.950704 0.785714 0.037852 0.029018
1 0.834507 0.789621 0.042254 0.026786
0 0.813380 0.830915 0.058099 0.010045
1 0.773768 0.830915 0.029930 0.021205
1 0.371479 0.834821 0.041373 0.034040
1 0.698944 0.839844 0.037852 0.032366
1 0.301056 0.841518 0.037852 0.032924
1 0.491197 0.850446 0.032570 0.020647
