0 0.941021 0.118304 0.063380 0.011161
1 0.895247 0.118304 0.036972 0.029576
1 0.542253 0.125558 0.029930 0.021205
1 0.173415 0.183036 0.031690 0.022321
1 0.583627 0.187500 0.040493 0.032366
1 0.867077 0.200893 0.042254 0.024554
1 0.457746 0.206473 0.039613 0.033482
1 0.950704 0.225446 0.038732 0.025112
0 0.275528 0.235491 0.061620 0.014509
1 0.230634 0.235491 0.036972 0.029576
0 0.697183 0.251116 0.033451 0.009487
1 0.665493 0.251116 0.038732 0.026786
1 0.039613 0.254464 0.028169 0.022321
2 0.258803 0.250000 0.041373 0.031250
0 0.787852 0.278460 0.096831 0.014509
1 0.728873 0.278460 0.032570 0.021205
1 0.123239 0.331473 0.041373 0.034040
0 0.706866 0.349888 0.059859 0.012277
1 0.021127 0.348214 0.041373 0.025670
1 0.660211 0.349888 0.042254 0.026786
1 0.747359 0.378906 0.040493 0.025670
1 0.637324 0.409040 0.036972 0.023438
1 0.859155 0.411272 0.037852 0.029018
1 0.416373 0.470424 0.029930 0.021205
0 0.927817 0.503348 0.060739 0.009487
1 0.882923 0.503348 0.036972 0.030692
1 0.713028 0.510045 0.036972 0.030134
0 0.559859 0.542969 0.033451 0.011161
1 0.533451 0.542969 0.028169 0.020089
1 0.742958 0.550781 0.036972 0.032366
0 0.973592 0.565848 0.052817 0.014509
2 0.742958 0.563058 0.029930 0.025670
1 0.933099 0.565848 0.036972 0.029576
1 0.621479 0.579241 0.040493 0.025670
1 0.978873 0.640625 0.041373 0.025112
0 0.978873 0.675223 0.033451 0.008929
1 0.946303 0.675223 0.040493 0.025670
1 0.052817 0.676897 0.040493 0.025670
1 0.369718 0.690848 0.032570 0.021205
1 0.515845 0.713170 0.040493 0.025112
1 0.315141 0.736049 0.031690 0.022321
0 0.662852 0.786272 0.093310 0.012277
1 0.602113 0.785714 0.036972 0.029576
1 0.161092 0.795759 0.036972 0.029576
1 0.374120 0.804688 0.040493 0.025112
1 0.699824 0.813058 0.028169 0.022321
1 0.553697 0.819196 0.040493 0.025112
0 0.824824 0.827567 0.089789 0.012277
1 0.771127 0.827567 0.029049 0.020089
2 0.248239 0.838728 0.051056 0.029018
2 0.700704 0.875000 0.030810 0.027344
2 0.375000 0.873884 0.048415 0.036272
