0 0.650528 0.037946 0.066901 0.013393
1 0.606514 0.037946 0.029930 0.021205
1 0.211268 0.050223 0.028169 0.022321
1 0.311620 0.069196 0.037852 0.029018
1 0.569542 0.111049 0.031690 0.022321
0 0.477993 0.125558 0.065141 0.013393
1 0.434859 0.125558 0.030810 0.021205
1 0.096831 0.131696 0.034331 0.031808
0 0.980634 0.166853 0.038732 0.013393
1 0.945423 0.166295 0.041373 0.025112
0 0.808099 0.175223 0.095070 0.012277
0 0.392606 0.178571 0.086268 0.010603
1 0.744718 0.175223 0.040493 0.025670
1 0.336268 0.178571 0.037852 0.032924
0 0.597711 0.198661 0.086268 0.010603
1 0.542253 0.198661 0.032570 0.022321
1 0.640845 0.209263 0.030810 0.020089
0 0.489437 0.260045 0.056338 0.011161
1 0.882042 0.253906 0.040493 0.025670
1 0.444542 0.260045 0.042254 0.024554
0 0.425176 0.272879 0.059859 0.012277
0 0.345951 0.325893 0.061620 0.012277
1 0.302817 0.325893 0.032570 0.022321
1 0.955106 0.327009 0.040493 0.025112
0 0.714789 0.339286 0.063380 0.013393
1 0.667253 0.339286 0.040493 0.025112
0 0.509683 0.349330 0.089789 0.014509
1 0.454225 0.349330 0.029930 0.021205
1 0.544014 0.349330 0.040493 0.025112
1 0.977993 0.377232 0.031690 0.022879
1 0.701585 0.391183 0.042254 0.026786
0 0.052817 0.398996 0.061620 0.013393
1 0.015845 0.399554 0.031690 0.020647
1 0.632923 0.400670 0.040493 0.026786
1 0.117958 0.419085 0.030810 0.021205
1 0.936620 0.449777 0.028169 0.020089
1 0.753521 0.488839 0.030810 0.020647
1 0.312500 0.513951 0.033451 0.022321
1 0.200704 0.520089 0.034331 0.030134
1 0.139085 0.562500 0.039613 0.025112
1 0.891725 0.574219 0.042254 0.024554
1 0.200704 0.624442 0.042254 0.024554
1 0.689261 0.627790 0.040493 0.025670
0 0.856514 0.641741 0.059859 0.010603
1 0.815141 0.642299 0.031690 0.021205
0 0.047535 0.650112 0.065141 0.013393
1 0.260563 0.647321 0.032570 0.021763
1 0.015845 0.650112 0.031690 0.022321
1 0.959507 0.654576 0.029930 0.021205
0 0.689261 0.688616 0.063380 0.011161
1 0.642606 0.688616 0.041373 0.034040
0 0.363556 0.702567 0.061620 0.013393
1 0.319542 0.702009 0.035211 0.032924
1 0.025528 0.716518 0.038732 0.025112
0 0.334507 0.760045 0.087148 0.011161
0 0.980634 0.787946 0.037852 0.011161
0 0.191021 0.790179 0.088028 0.010603
0 0.720070 0.789621 0.066021 0.013393
1 0.951585 0.787946 0.029930 0.021205
0 0.066021 0.794085 0.061620 0.014509
1 0.670775 0.789621 0.039613 0.025670
1 0.132923 0.789621 0.036972 0.029018
1 0.022887 0.794085 0.034331 0.030134
1 0.093310 0.824777 0.029930 0.021205
1 0.512324 0.823661 0.036972 0.030692
1 0.352113 0.824777 0.036972 0.029576
1 0.649648 0.869978 0.042254 0.024554
