0 0.805458 0.010045 0.061620 0.013393
1 0.762324 0.015067 0.034331 0.030134
0 0.226232 0.035714 0.063380 0.012277
1 0.180458 0.035714 0.035211 0.032924
1 0.449824 0.140067 0.028169 0.022321
1 0.839789 0.161830 0.036972 0.029576
1 0.035211 0.177455 0.036972 0.029576
1 0.549296 0.185826 0.040493 0.025670
0 0.257042 0.199219 0.063380 0.013393
1 0.214789 0.199777 0.029930 0.020647
1 0.467430 0.217076 0.031690 0.022321
2 0.035211 0.290737 0.043134 0.032366
1 0.643486 0.324777 0.042254 0.024554
0 0.279930 0.335938 0.058979 0.009487
1 0.239437 0.335379 0.029930 0.021205
0 0.358275 0.357143 0.063380 0.012277
1 0.315141 0.357143 0.029930 0.020647
1 0.914613 0.357701 0.040493 0.025670
1 0.403169 0.398438 0.034331 0.031808
0 0.771127 0.482701 0.089789 0.012277
1 0.714789 0.482701 0.032570 0.022321
0 0.725352 0.497768 0.063380 0.012277
1 0.677817 0.497768 0.039613 0.033482
1 0.427817 0.508929 0.038732 0.025112
0 0.488556 0.517857 0.063380 0.013393
1 0.442782 0.517857 0.036972 0.030692
1 0.359155 0.522321 0.039613 0.025112
1 0.137324 0.530134 0.040493 0.025112
2 0.739437 0.551339 0.025528 0.020647
1 0.327465 0.550223 0.032570 0.021763
2 0.359155 0.551339 0.056338 0.034040
1 0.043134 0.569196 0.040493 0.032366
0 0.275528 0.597656 0.063380 0.013393
1 0.232394 0.597098 0.031690 0.022879
0 0.654930 0.610491 0.061620 0.012277
0 0.459507 0.616071 0.063380 0.014509
1 0.535211 0.607143 0.036092 0.032366
1 0.610035 0.610491 0.036972 0.029576
1 0.417254 0.616071 0.030810 0.020647
1 0.910211 0.617188 0.030810 0.021205
2 0.067782 0.621652 0.033451 0.025112
2 0.909331 0.640625 0.035211 0.028460
0 0.802817 0.666295 0.058979 0.009487
1 0.757042 0.666295 0.039613 0.025112
1 0.470070 0.679129 0.037852 0.032366
1 0.274648 0.708705 0.039613 0.025670
0 0.095951 0.803013 0.033451 0.010045
1 0.068662 0.803013 0.029930 0.021205
1 0.626761 0.868304 0.028169 0.020089
2 0.626761 0.879464 0.025528 0.021763
0 0.359155 0.898438 0.096831 0.014509
1 0.294894 0.898438 0.040493 0.032366
