1 0.359155 0.042969 0.032570 0.022321
0 0.519366 0.146763 0.063380 0.012277
1 0.477113 0.146763 0.029049 0.020089
0 0.830986 0.196429 0.084507 0.011161
1 0.778169 0.196429 0.030810 0.020647
0 0.905810 0.207031 0.061620 0.013393
0 0.426937 0.216518 0.033451 0.008929
1 0.860915 0.207031 0.036972 0.032366
1 0.398768 0.216518 0.031690 0.022321
0 0.437500 0.261719 0.059859 0.010045
1 0.397887 0.261719 0.029049 0.020089
1 0.145246 0.270089 0.042254 0.024554
0 0.830986 0.315848 0.063380 0.013393
1 0.786972 0.315848 0.034331 0.030134
0 0.506162 0.334263 0.061620 0.012277
1 0.464789 0.334263 0.029930 0.021205
0 0.470070 0.353795 0.063380 0.013393
1 0.152289 0.353237 0.028169 0.020089
1 0.422535 0.353795 0.041373 0.025112
0 0.625880 0.368304 0.033451 0.009487
1 0.411972 0.366071 0.032570 0.020647
1 0.596831 0.368304 0.032570 0.021763
0 0.226232 0.438058 0.091549 0.013393
1 0.169014 0.438616 0.032570 0.021763
0 0.493838 0.455357 0.063380 0.013393
0 0.139965 0.459821 0.035211 0.012277
1 0.448063 0.455357 0.036972 0.029576
1 0.109155 0.459821 0.035211 0.022321
2 0.470070 0.537946 0.049296 0.038504
2 0.258803 0.547991 0.027289 0.023996
1 0.546655 0.547433 0.040493 0.025670
2 0.576585 0.545201 0.056338 0.044643
0 0.388204 0.563616 0.061620 0.014509
1 0.346831 0.563616 0.029930 0.021205
0 0.262324 0.577009 0.033451 0.012277
1 0.229754 0.577009 0.040493 0.025670
1 0.080986 0.577567 0.036972 0.032366
0 0.639965 0.594308 0.061620 0.013393
1 0.531690 0.591518 0.029930 0.021205
1 0.597711 0.594308 0.029930 0.021205
1 0.251761 0.602679 0.028169 0.020647
0 0.844190 0.641741 0.088028 0.010603
0 0.440141 0.642857 0.061620 0.014509
1 0.784331 0.641741 0.040493 0.025670
1 0.394366 0.642857 0.037852 0.032366
2 0.251761 0.641183 0.053697 0.040179
2 0.080986 0.646205 0.041373 0.032924
1 0.634683 0.661272 0.040493 0.025670
1 0.350352 0.700893 0.030810 0.020089
0 0.491197 0.732143 0.058099 0.010603
1 0.448063 0.732701 0.036972 0.023438
2 0.350352 0.740513 0.032570 0.025670
1 0.311620 0.761161 0.039613 0.025112
0 0.977993 0.809152 0.044014 0.009487
1 0.941021 0.809152 0.036972 0.030134
1 0.814261 0.853237 0.040493 0.025670
2 0.264085 0.854911 0.030810 0.026228
2 0.966549 0.866071 0.044014 0.029576
1 0.538732 0.890625 0.039613 0.025112
