1 0.959507 0.032366 0.037852 0.032366
1 0.963908 0.045759 0.036972 0.029576
0 0.211268 0.070312 0.034331 0.008929
0 0.047535 0.070312 0.033451 0.012277
1 0.181338 0.070312 0.030810 0.020647
1 0.019366 0.070312 0.032570 0.021205
1 0.642606 0.071987 0.038732 0.033482
2 0.642606 0.123326 0.042254 0.040179
1 0.568662 0.180246 0.028169 0.020089
2 0.376761 0.177455 0.055458 0.035156
0 0.120599 0.191964 0.091549 0.013393
1 0.061620 0.191964 0.037852 0.032924
1 0.250000 0.200893 0.041373 0.025112
1 0.676056 0.213728 0.038732 0.026786
1 0.044894 0.226562 0.029930 0.020647
2 0.090669 0.231585 0.040493 0.034598
1 0.636444 0.275670 0.029930 0.020647
1 0.855634 0.278460 0.029049 0.020089
0 0.895247 0.342634 0.091549 0.012277
1 0.838028 0.342634 0.030810 0.020647
0 0.605634 0.371652 0.061620 0.012277
1 0.353873 0.365513 0.037852 0.032366
1 0.563380 0.371652 0.031690 0.022321
1 0.301937 0.372768 0.040493 0.025670
1 0.039613 0.376116 0.026408 0.021205
0 0.429577 0.391183 0.033451 0.012277
1 0.403169 0.391183 0.028169 0.020089
2 0.258803 0.400670 0.051937 0.036272
2 0.901408 0.417411 0.058099 0.040737
1 0.058979 0.448661 0.036972 0.029576
1 0.582747 0.462054 0.037852 0.032366
2 0.058979 0.472098 0.035211 0.025112
0 0.175176 0.496094 0.091549 0.012277
1 0.115317 0.496652 0.036972 0.029576
1 0.398768 0.507812 0.028169 0.020647
2 0.399648 0.518973 0.032570 0.027902
0 0.052817 0.529018 0.058099 0.011161
1 0.021127 0.529018 0.042254 0.026786
0 0.292254 0.545759 0.089789 0.013393
1 0.234155 0.545759 0.035211 0.023438
2 0.259683 0.546875 0.054577 0.028460
2 0.035211 0.551897 0.043134 0.032366
0 0.667253 0.569196 0.058979 0.009487
1 0.628521 0.568638 0.029049 0.020089
1 0.151408 0.578125 0.030810 0.020647
1 0.974472 0.628348 0.026408 0.021205
1 0.590669 0.646763 0.042254 0.026786
1 0.034331 0.675223 0.028169 0.020089
1 0.971831 0.715402 0.030810 0.020647
0 0.122359 0.750000 0.091549 0.012277
1 0.062500 0.750000 0.036972 0.029018
0 0.698944 0.772879 0.033451 0.010045
1 0.670775 0.773438 0.030810 0.020647
0 0.224472 0.790179 0.061620 0.014509
1 0.181338 0.790179 0.032570 0.021205
2 0.694542 0.792411 0.049296 0.037388
1 0.847711 0.801897 0.038732 0.033482
1 0.436620 0.814732 0.041373 0.034040
2 0.463028 0.819754 0.046655 0.036830
2 0.204225 0.831473 0.034331 0.025112
0 0.067782 0.854353 0.063380 0.012277
1 0.026408 0.854353 0.028169 0.022321
0 0.264965 0.868304 0.063380 0.013393
1 0.220070 0.868304 0.036092 0.032366
0 0.731514 0.883371 0.063380 0.012277
2 0.047535 0.878348 0.030810 0.029576
1 0.688380 0.882812 0.032570 0.020647
0 0.616197 0.916295 0.085387 0.011161
1 0.561620 0.916295 0.032570 0.022321
