0 0.089789 0.090960 0.033451 0.013393
1 0.707747 0.087054 0.029930 0.020647
1 0.057218 0.090960 0.040493 0.032366
1 0.851232 0.109375 0.028169 0.020089
1 0.403169 0.117746 0.041373 0.025670
1 0.582747 0.123884 0.036972 0.029576
1 0.524648 0.142857 0.028169 0.020089
0 0.352113 0.158482 0.086268 0.010603
1 0.299296 0.158482 0.028169 0.020647
1 0.948063 0.162388 0.026408 0.021205
1 0.519366 0.167411 0.037852 0.032366
1 0.024648 0.188058 0.031690 0.022321
1 0.417254 0.192522 0.032570 0.021205
1 0.260563 0.205915 0.037852 0.029018
1 0.689261 0.213728 0.035211 0.022321
1 0.917253 0.261161 0.031690 0.022321
1 0.627641 0.260045 0.040493 0.025670
0 0.117958 0.268973 0.065141 0.012277
1 0.069542 0.268973 0.040493 0.025670
1 0.848592 0.267857 0.044014 0.034598
0 0.204225 0.294643 0.058979 0.010045
1 0.135563 0.287946 0.035211 0.032924
2 0.957747 0.298549 0.036972 0.023438
1 0.159331 0.294643 0.038732 0.033482
2 0.627641 0.303571 0.033451 0.031808
0 0.595951 0.319196 0.059859 0.012277
1 0.555458 0.319196 0.029930 0.020647
1 0.019366 0.314732 0.036092 0.032366
1 0.911092 0.322545 0.029930 0.021205
0 0.494718 0.326451 0.063380 0.013393
1 0.453345 0.326451 0.028169 0.020089
1 0.697183 0.333705 0.042254 0.024554
2 0.471831 0.362165 0.029049 0.024554
1 0.858275 0.376674 0.031690 0.022321
1 0.022887 0.388393 0.036972 0.030692
0 0.795775 0.501674 0.096831 0.014509
1 0.734155 0.501116 0.035211 0.032924
0 0.286092 0.518973 0.065141 0.013393
0 0.620599 0.526786 0.093310 0.012277
1 0.239437 0.518973 0.036972 0.029018
1 0.563380 0.526786 0.032570 0.022321
1 0.894366 0.522321 0.037852 0.032924
0 0.145246 0.546317 0.033451 0.011161
1 0.114437 0.546317 0.036972 0.029018
1 0.454225 0.570871 0.035211 0.023438
0 0.812500 0.589844 0.035211 0.010045
1 0.783451 0.590402 0.030810 0.020647
2 0.454225 0.597098 0.035211 0.031808
2 0.924296 0.610491 0.029930 0.022879
1 0.357394 0.607701 0.037852 0.032366
0 0.274648 0.619978 0.035211 0.010045
1 0.241197 0.620536 0.039613 0.025112
1 0.663732 0.625558 0.030810 0.021205
0 0.789613 0.662946 0.063380 0.012277
1 0.067782 0.660156 0.040493 0.025670
1 0.747359 0.662946 0.029930 0.020647
1 0.481514 0.667969 0.042254 0.024554
2 0.067782 0.695871 0.052817 0.036830
2 0.481514 0.717634 0.036972 0.035156
1 0.355634 0.731027 0.029930 0.020647
1 0.587148 0.731027 0.031690 0.021205
0 0.934859 0.773996 0.059859 0.010045
0 0.109155 0.780692 0.061620 0.013393
1 0.892606 0.773996 0.034331 0.030134
1 0.063380 0.781250 0.039613 0.025112
0 0.713028 0.790179 0.061620 0.013393
1 0.665493 0.790179 0.042254 0.026786
0 0.163732 0.797433 0.061620 0.013393
1 0.117958 0.797433 0.041373 0.025670
2 0.146127 0.814732 0.057218 0.042969
