1 0.742077 0.018973 0.044014 0.034598
0 0.361796 0.044085 0.033451 0.013393
1 0.330986 0.043527 0.036972 0.029576
1 0.194542 0.082589 0.031690 0.021763
1 0.661092 0.085938 0.033451 0.022321
1 0.519366 0.097656 0.033451 0.021205
1 0.307218 0.092634 0.035211 0.032924
1 0.020246 0.109375 0.040493 0.032366
1 0.156690 0.136161 0.029930 0.021205
2 0.029049 0.146205 0.058099 0.042969
1 0.040493 0.173549 0.028169 0.020089
1 0.345070 0.196429 0.036972 0.030692
2 0.040493 0.200893 0.044894 0.036830
1 0.920775 0.223214 0.040493 0.025112
1 0.637324 0.226562 0.037852 0.032366
1 0.906690 0.235491 0.038732 0.025112
0 0.277289 0.271205 0.035211 0.012277
1 0.246479 0.271205 0.037852 0.029018
1 0.424296 0.300781 0.037852 0.032366
1 0.860915 0.325893 0.028169 0.022321
0 0.622359 0.342076 0.091549 0.012277
1 0.562500 0.342076 0.036972 0.032366
1 0.641725 0.356585 0.036972 0.023438
0 0.264085 0.379464 0.061620 0.014509
1 0.216549 0.379464 0.042254 0.026786
0 0.975352 0.405692 0.048415 0.014509
1 0.940141 0.405134 0.031690 0.021763
0 0.539613 0.413504 0.059859 0.010045
1 0.498239 0.413504 0.030810 0.021205
0 0.043134 0.498884 0.065141 0.012277
1 0.014965 0.498884 0.029930 0.021205
1 0.794014 0.539062 0.037852 0.032366
0 0.077465 0.564174 0.095070 0.012277
1 0.019366 0.564174 0.037852 0.032366
2 0.856514 0.597098 0.038732 0.032366
1 0.306338 0.602679 0.041373 0.025112
0 0.873239 0.611049 0.065141 0.013393
1 0.823944 0.611607 0.041373 0.034040
2 0.588028 0.632254 0.036092 0.034598
1 0.568662 0.659040 0.028169 0.022321
1 0.963028 0.693080 0.036972 0.029576
2 0.288732 0.686384 0.059859 0.044643
0 0.293134 0.709821 0.031690 0.009487
1 0.785211 0.707589 0.029930 0.020647
0 0.450704 0.711496 0.091549 0.012277
1 0.262324 0.709263 0.037852 0.029018
1 0.389085 0.712054 0.041373 0.034040
0 0.696303 0.740513 0.089789 0.014509
1 0.617077 0.742188 0.036972 0.023438
1 0.634683 0.740513 0.042254 0.026786
2 0.415493 0.738839 0.050176 0.037388
0 0.941901 0.765067 0.058099 0.013393
1 0.898768 0.765067 0.036972 0.029018
1 0.954225 0.793527 0.037852 0.032366
1 0.200704 0.834821 0.030810 0.021205
0 0.584507 0.845982 0.059859 0.012277
1 0.544014 0.845982 0.030810 0.020647
0 0.114437 0.852679 0.066901 0.011161
1 0.641725 0.846540 0.042254 0.024554
1 0.071303 0.852679 0.028169 0.022321
