0 0.117077 0.062500 0.063380 0.014509
1 0.073944 0.062500 0.032570 0.022321
0 0.924296 0.103795 0.061620 0.012277
1 0.883803 0.103795 0.028169 0.022321
0 0.599472 0.119978 0.089789 0.012277
1 0.538732 0.119978 0.040493 0.025670
0 0.319542 0.128348 0.061620 0.011161
0 0.451585 0.130022 0.088028 0.011161
1 0.278169 0.128348 0.029930 0.020647
1 0.392606 0.130022 0.039613 0.033482
0 0.969190 0.159598 0.033451 0.012277
1 0.935739 0.159598 0.042254 0.026786
1 0.709507 0.165179 0.040493 0.025670
2 0.566901 0.195871 0.048415 0.045759
1 0.531690 0.217634 0.032570 0.021763
0 0.049296 0.231027 0.065141 0.013393
1 0.021127 0.231027 0.042254 0.024554
0 0.772007 0.237723 0.086268 0.010603
1 0.714789 0.238281 0.037852 0.032366
1 0.850352 0.264509 0.036972 0.032366
1 0.897887 0.304129 0.038732 0.026786
0 0.174296 0.314732 0.061620 0.014509
1 0.126761 0.314732 0.042254 0.026786
2 0.897887 0.338728 0.041373 0.034598
1 0.252641 0.344308 0.040493 0.026786
1 0.589789 0.389509 0.036972 0.029576
2 0.862676 0.411272 0.031690 0.026786
1 0.194542 0.415179 0.036972 0.029018
0 0.132042 0.424665 0.065141 0.012277
2 0.112676 0.419643 0.034331 0.023996
1 0.082746 0.424665 0.041373 0.025670
1 0.315141 0.424107 0.037852 0.032366
2 0.589789 0.438616 0.023768 0.020089
1 0.751761 0.463170 0.029930 0.020647
1 0.198063 0.483259 0.029930 0.020647
0 0.850352 0.496652 0.087148 0.011161
1 0.795775 0.496652 0.032570 0.021763
1 0.298415 0.512277 0.036972 0.032366
0 0.448944 0.533482 0.088028 0.012277
1 0.390845 0.533482 0.037852 0.032924
0 0.062500 0.544085 0.089789 0.014509
1 0.020246 0.544085 0.040493 0.032366
2 0.680458 0.553571 0.024648 0.019531
1 0.257042 0.564732 0.030810 0.020647
1 0.680458 0.568638 0.031690 0.022321
1 0.139965 0.612723 0.029930 0.021205
0 0.224472 0.623884 0.063380 0.013393
1 0.183099 0.623884 0.028169 0.020089
1 0.424296 0.625000 0.034331 0.031808
0 0.761444 0.655692 0.065141 0.013393
1 0.717430 0.656250 0.031690 0.022879
0 0.345070 0.665179 0.058979 0.009487
1 0.300176 0.665179 0.038732 0.033482
1 0.475352 0.689174 0.028169 0.020089
0 0.050176 0.709263 0.061620 0.014509
1 0.015845 0.709263 0.031690 0.022321
1 0.485915 0.731027 0.039613 0.033482
0 0.568662 0.830357 0.095070 0.012277
1 0.505282 0.830357 0.040493 0.032366
0 0.649648 0.871652 0.061620 0.013393
1 0.603873 0.871652 0.041373 0.034040
