1 0.080986 0.027902 0.030810 0.021205
0 0.938380 0.053013 0.063380 0.013393
1 0.896127 0.052455 0.029930 0.020647
1 0.637324 0.046875 0.035211 0.032924
0 0.439261 0.058594 0.063380 0.011161
1 0.392606 0.058594 0.039613 0.033482
2 0.637324 0.079241 0.021127 0.016741
0 0.705986 0.091518 0.034331 0.009487
1 0.673415 0.091518 0.038732 0.033482
1 0.835387 0.181362 0.031690 0.022321
1 0.613556 0.280134 0.040493 0.032366
1 0.909331 0.296875 0.036972 0.029576
1 0.779930 0.297991 0.037852 0.032924
2 0.735915 0.305246 0.025528 0.021205
1 0.713028 0.304688 0.041373 0.025112
0 0.554577 0.323103 0.065141 0.013393
1 0.507923 0.323103 0.036972 0.032366
1 0.263204 0.325893 0.035211 0.032924
1 0.019366 0.339286 0.032570 0.022321
2 0.909331 0.357701 0.065141 0.041295
0 0.878521 0.397321 0.058099 0.010603
1 0.838028 0.397321 0.032570 0.022321
1 0.637324 0.401786 0.029930 0.021205
2 0.077465 0.404018 0.062500 0.044085
0 0.163732 0.436384 0.063380 0.013393
1 0.119718 0.436384 0.032570 0.021205
0 0.975352 0.441964 0.048415 0.014509
1 0.941901 0.441964 0.028169 0.022321
1 0.192782 0.439174 0.036972 0.032366
0 0.532570 0.483259 0.035211 0.012277
2 0.965669 0.482143 0.031690 0.021763
1 0.503521 0.483259 0.031690 0.021763
0 0.099472 0.527344 0.035211 0.013393
1 0.070423 0.527902 0.034331 0.031808
0 0.970951 0.552455 0.058099 0.014509
1 0.930458 0.552455 0.031690 0.021763
0 0.718310 0.573103 0.095070 0.012277
1 0.654930 0.573103 0.040493 0.025670
2 0.251761 0.565848 0.058099 0.045201
0 0.401408 0.585938 0.060739 0.010603
1 0.360035 0.585938 0.029930 0.020647
1 0.809859 0.589286 0.036972 0.032366
2 0.952465 0.609375 0.044894 0.042969
0 0.531690 0.666853 0.058979 0.010045
1 0.487676 0.666853 0.037852 0.029018
0 0.930458 0.687500 0.063380 0.013393
1 0.889085 0.687500 0.030810 0.021205
2 0.360915 0.720982 0.048415 0.037946
0 0.381162 0.735491 0.063380 0.013393
1 0.304577 0.733259 0.028169 0.020089
1 0.339789 0.735491 0.028169 0.022321
1 0.614437 0.743304 0.040493 0.026786
1 0.855634 0.759487 0.041373 0.025670
1 0.901408 0.783482 0.037852 0.032924
0 0.658451 0.864955 0.034331 0.008929
1 0.629401 0.864955 0.031690 0.021205
