0 0.731514 0.210379 0.063380 0.011161
1 0.683099 0.210379 0.042254 0.024554
0 0.382923 0.228795 0.063380 0.013393
0 0.553697 0.231585 0.088028 0.012277
1 0.333627 0.228795 0.044014 0.034598
1 0.495599 0.232143 0.036972 0.029576
2 0.365317 0.273438 0.051056 0.032366
0 0.772887 0.546317 0.033451 0.013393
1 0.740317 0.546317 0.040493 0.025670
0 0.767606 0.628906 0.063380 0.013393
1 0.725352 0.628906 0.030810 0.021205
1 0.348592 0.650112 0.037852 0.029018
2 0.347711 0.665179 0.040493 0.028460
0 0.443662 0.715960 0.063380 0.011161
1 0.399648 0.715960 0.034331 0.030134
