0 0.284331 0.025112 0.091549 0.013393
2 0.461268 0.020089 0.050176 0.031808
1 0.228873 0.025112 0.028169 0.022321
1 0.353873 0.039062 0.029930 0.020647
0 0.491197 0.058594 0.087148 0.010045
1 0.433979 0.058036 0.036972 0.029576
2 0.353873 0.073661 0.027289 0.022879
1 0.838908 0.117746 0.028169 0.022321
1 0.442782 0.147321 0.028169 0.022321
0 0.373239 0.178571 0.063380 0.014509
1 0.323944 0.178571 0.044014 0.034598
2 0.352113 0.188616 0.031690 0.025112
0 0.223592 0.195312 0.065141 0.013393
1 0.179577 0.195312 0.032570 0.022321
1 0.367077 0.210938 0.035211 0.023438
0 0.789613 0.255580 0.091549 0.013393
1 0.733275 0.255580 0.029930 0.021205
1 0.196303 0.258929 0.028169 0.022321
0 0.491197 0.276228 0.093310 0.013393
1 0.432218 0.276228 0.033451 0.022321
1 0.570423 0.294085 0.040493 0.032366
1 0.874120 0.321987 0.028169 0.020089
2 0.570423 0.341518 0.043134 0.037946
0 0.693662 0.366071 0.061620 0.012277
1 0.652289 0.366071 0.028169 0.020089
1 0.947183 0.405134 0.041373 0.025112
0 0.863556 0.416853 0.063380 0.014509
1 0.818662 0.416853 0.037852 0.029018
0 0.103873 0.436942 0.061620 0.013393
2 0.947183 0.424665 0.053697 0.040179
1 0.058099 0.436942 0.039613 0.033482
1 0.129401 0.452009 0.029930 0.021205
1 0.367958 0.501116 0.041373 0.034040
1 0.633803 0.558594 0.033451 0.022321
1 0.351232 0.565848 0.035211 0.023438
0 0.475352 0.577009 0.035211 0.012277
1 0.447183 0.577009 0.029930 0.020647
1 0.646127 0.611607 0.030810 0.021205
2 0.847711 0.607143 0.044014 0.039621
1 0.685739 0.622768 0.026408 0.021205
0 0.545775 0.637835 0.033451 0.013393
1 0.514085 0.637277 0.037852 0.032924
0 0.581866 0.685268 0.031690 0.009487
1 0.551056 0.685268 0.038732 0.026786
0 0.159331 0.801339 0.035211 0.013393
1 0.125880 0.801339 0.040493 0.025670
