0 0.589789 0.029018 0.035211 0.013393
1 0.563380 0.029018 0.026408 0.021205
0 0.335387 0.045201 0.065141 0.014509
1 0.288732 0.045201 0.036092 0.032366
1 0.179577 0.057478 0.040493 0.032366
1 0.301056 0.109933 0.032570 0.022321
1 0.907570 0.125000 0.036972 0.032366
0 0.600352 0.156250 0.063380 0.011161
1 0.556338 0.156250 0.031690 0.021763
0 0.225352 0.173549 0.087148 0.010045
1 0.170775 0.173549 0.030810 0.020089
0 0.811620 0.263393 0.061620 0.012277
1 0.771127 0.263393 0.028169 0.020089
1 0.811620 0.274554 0.032570 0.021763
1 0.736796 0.294643 0.036972 0.029576
0 0.123239 0.332589 0.089789 0.014509
1 0.062500 0.332589 0.040493 0.025112
0 0.287852 0.344866 0.095070 0.014509
0 0.047535 0.349888 0.063380 0.012277
1 0.228873 0.344866 0.031690 0.022321
0 0.625000 0.351562 0.060739 0.009487
1 0.016725 0.349888 0.033451 0.021205
1 0.578345 0.352121 0.038732 0.033482
1 0.850352 0.358259 0.038732 0.025112
1 0.144366 0.365513 0.037852 0.032366
0 0.762324 0.395647 0.084507 0.011161
1 0.705986 0.395089 0.036972 0.030692
1 0.620599 0.421875 0.031690 0.021205
0 0.954225 0.466518 0.035211 0.012277
1 0.564261 0.460938 0.035211 0.032924
1 0.920775 0.466518 0.040493 0.032366
1 0.411092 0.477121 0.026408 0.021205
1 0.283451 0.502232 0.028169 0.020089
1 0.943662 0.514509 0.032570 0.020647
1 0.564261 0.546317 0.029930 0.021205
0 0.970951 0.568080 0.058099 0.013393
1 0.925176 0.568080 0.042254 0.024554
1 0.782570 0.590402 0.040493 0.025112
1 0.045775 0.625000 0.037852 0.029018
1 0.845070 0.636161 0.032570 0.020647
1 0.584507 0.677455 0.031690 0.022321
1 0.947183 0.689732 0.038732 0.033482
1 0.905810 0.700893 0.040493 0.025670
0 0.744718 0.752790 0.061620 0.013393
0 0.544894 0.771205 0.063380 0.014509
1 0.501761 0.771205 0.032570 0.020647
0 0.325704 0.776786 0.063380 0.011161
0 0.969190 0.795201 0.033451 0.011161
1 0.798415 0.791853 0.026408 0.021205
1 0.941901 0.795201 0.029930 0.021205
0 0.871479 0.815290 0.066021 0.013393
1 0.827465 0.815290 0.032570 0.021205
0 0.103873 0.839286 0.065141 0.013393
1 0.058099 0.839286 0.034331 0.030134
1 0.019366 0.842634 0.038732 0.026786
1 0.424296 0.881696 0.040493 0.026786
0 0.364437 0.905134 0.063380 0.014509
