1 0.270246 0.023438 0.044014 0.034598
1 0.597711 0.036830 0.031690 0.022321
0 0.788732 0.044643 0.087148 0.011161
0 0.422535 0.046317 0.033451 0.012277
1 0.391725 0.046317 0.036972 0.023438
1 0.730634 0.044643 0.037852 0.029018
1 0.364437 0.070312 0.038732 0.033482
1 0.145246 0.078125 0.029930 0.020647
1 0.677817 0.077567 0.037852 0.029018
1 0.961268 0.088170 0.035211 0.023438
0 0.495599 0.120536 0.059859 0.010603
1 0.621479 0.120536 0.030810 0.020089
1 0.448944 0.120536 0.042254 0.024554
0 0.061620 0.139509 0.061620 0.013393
1 0.020246 0.139509 0.029930 0.020647
1 0.853873 0.137277 0.039613 0.025670
1 0.042254 0.185268 0.030810 0.020089
1 0.302817 0.188616 0.031690 0.022321
1 0.261444 0.198661 0.028169 0.022321
0 0.974472 0.204241 0.051056 0.013393
1 0.939261 0.204241 0.028169 0.020089
1 0.750000 0.219866 0.028169 0.020089
1 0.089789 0.247210 0.028169 0.022321
1 0.830986 0.247768 0.031690 0.021763
1 0.950704 0.264509 0.028169 0.020089
1 0.440141 0.292411 0.029930 0.020647
0 0.617958 0.304129 0.093310 0.013393
1 0.559859 0.304129 0.032570 0.021205
0 0.040493 0.317522 0.061620 0.011161
1 0.019366 0.316964 0.038732 0.025112
1 0.681338 0.316964 0.034331 0.031808
0 0.195423 0.344866 0.035211 0.011161
1 0.161972 0.344866 0.040493 0.025670
1 0.568662 0.352121 0.034331 0.030134
1 0.463028 0.356585 0.042254 0.026786
1 0.783451 0.421875 0.029930 0.021205
1 0.970070 0.551897 0.031690 0.022321
1 0.118838 0.567522 0.028169 0.022321
1 0.957747 0.579241 0.039613 0.025112
1 0.656690 0.616071 0.041373 0.025112
0 0.153169 0.623326 0.063380 0.013393
1 0.111796 0.623326 0.028169 0.022321
1 0.551056 0.659040 0.026408 0.021205
1 0.725352 0.663504 0.032570 0.021205
1 0.455986 0.669643 0.032570 0.020647
1 0.320423 0.686942 0.042254 0.024554
0 0.752641 0.704241 0.031690 0.009487
0 0.949824 0.707589 0.061620 0.013393
1 0.725352 0.703683 0.031690 0.022321
1 0.903169 0.707589 0.040493 0.032366
0 0.602113 0.737723 0.033451 0.011161
0 0.384683 0.738839 0.086268 0.010603
1 0.573944 0.737723 0.031690 0.022321
1 0.327465 0.738281 0.036972 0.029018
1 0.546655 0.763951 0.038732 0.033482
1 0.225352 0.777902 0.036972 0.029576
0 0.933979 0.791295 0.059859 0.011161
1 0.887324 0.791295 0.042254 0.026786
0 0.595070 0.838170 0.058979 0.009487
1 0.801056 0.832589 0.032570 0.020647
0 0.978873 0.836496 0.042254 0.014509
1 0.549296 0.838170 0.041373 0.025112
1 0.943662 0.837054 0.036972 0.030692
1 0.184859 0.887277 0.028169 0.020089
