1 0.515845 0.138393 0.037852 0.029018
1 0.461268 0.155134 0.032570 0.021763
2 0.514965 0.191964 0.029930 0.026228
1 0.573944 0.210379 0.036972 0.029018
0 0.875880 0.241071 0.059859 0.012277
1 0.830106 0.241071 0.040493 0.025670
1 0.426937 0.242188 0.040493 0.025670
0 0.410211 0.274554 0.085387 0.011161
1 0.356514 0.274554 0.028169 0.020089
2 0.857394 0.274554 0.029049 0.022879
1 0.217430 0.277902 0.038732 0.025112
0 0.455106 0.308036 0.033451 0.011161
1 0.427817 0.308036 0.030810 0.020647
2 0.573944 0.320312 0.033451 0.026228
0 0.914613 0.331473 0.033451 0.009487
1 0.887324 0.331473 0.032570 0.020647
0 0.869718 0.387277 0.034331 0.008929
1 0.837148 0.387277 0.040493 0.025112
1 0.948944 0.438616 0.032570 0.021763
0 0.512324 0.453125 0.086268 0.010603
1 0.454225 0.453125 0.038732 0.033482
0 0.645247 0.527902 0.033451 0.009487
1 0.610915 0.527902 0.044014 0.034598
0 0.551056 0.553571 0.065141 0.012277
0 0.887324 0.557478 0.087148 0.010045
1 0.507042 0.553571 0.032570 0.022321
1 0.831866 0.557478 0.029930 0.021205
1 0.737676 0.582589 0.036972 0.030134
1 0.794894 0.586496 0.040493 0.026786
1 0.462148 0.617188 0.033451 0.021205
1 0.581866 0.624442 0.038732 0.026786
1 0.527289 0.735491 0.029930 0.020647
1 0.137324 0.741629 0.026408 0.021205
1 0.217430 0.813616 0.029930 0.020647
1 0.751761 0.815848 0.036972 0.030134
0 0.928697 0.857143 0.065141 0.014509
1 0.887324 0.857143 0.026408 0.021205
2 0.904930 0.861049 0.035211 0.033482
1 0.520247 0.880022 0.040493 0.025670
