1 0.574824 0.162946 0.036972 0.023438
2 0.575704 0.201451 0.048415 0.023438
0 0.286092 0.278460 0.063380 0.013393
1 0.245599 0.278460 0.026408 0.021205
2 0.264085 0.345982 0.048415 0.041295
0 0.186620 0.363281 0.084507 0.011161
1 0.133803 0.363839 0.029930 0.020647
1 0.336268 0.582031 0.042254 0.026786
1 0.475352 0.587054 0.032570 0.020647
0 0.547535 0.598214 0.061620 0.012277
1 0.507042 0.598214 0.028169 0.020647
0 0.066021 0.614955 0.063380 0.011161
1 0.022887 0.614955 0.034331 0.031808
2 0.475352 0.623326 0.034331 0.025670
0 0.058099 0.695871 0.061620 0.012277
1 0.016725 0.695312 0.029930 0.020647
1 0.963028 0.789062 0.040493 0.025670
1 0.635563 0.791853 0.032570 0.022321
