1 0.380282 0.015067 0.035211 0.022321
0 0.313380 0.025112 0.065141 0.012277
1 0.055458 0.023438 0.033451 0.022321
1 0.265845 0.025112 0.039613 0.025670
0 0.178697 0.046317 0.093310 0.013393
1 0.117958 0.046317 0.037852 0.029018
0 0.878521 0.089844 0.061620 0.014509
1 0.838028 0.090402 0.028169 0.020647
0 0.591549 0.096540 0.063380 0.011161
1 0.544894 0.096540 0.038732 0.033482
0 0.406690 0.115513 0.029930 0.012277
1 0.380282 0.115513 0.030810 0.021205
0 0.669014 0.140625 0.063380 0.013393
1 0.625880 0.140625 0.031690 0.022321
1 0.315141 0.141741 0.038732 0.026786
1 0.068662 0.161830 0.039613 0.033482
1 0.586268 0.185268 0.030810 0.020647
1 0.018486 0.210938 0.036972 0.029576
0 0.973592 0.219866 0.052817 0.014509
1 0.936620 0.219866 0.028169 0.020089
0 0.478873 0.231027 0.033451 0.012277
1 0.453345 0.231027 0.026408 0.021205
0 0.647007 0.244978 0.065141 0.013393
1 0.603873 0.244978 0.029930 0.021205
1 0.374120 0.265625 0.042254 0.026786
1 0.205986 0.268415 0.040493 0.025670
0 0.338908 0.285156 0.063380 0.011161
1 0.292254 0.285156 0.037852 0.029018
1 0.748239 0.290179 0.029930 0.020647
1 0.661972 0.311384 0.032570 0.021205
1 0.850352 0.334821 0.029930 0.020647
0 0.548415 0.348214 0.059859 0.011161
1 0.507042 0.348214 0.032570 0.021763
0 0.923415 0.382812 0.091549 0.012277
1 0.863556 0.382812 0.036972 0.029576
1 0.782570 0.386719 0.035211 0.022321
0 0.098592 0.391741 0.035211 0.012277
1 0.069542 0.391741 0.031690 0.022321
1 0.683099 0.446429 0.039613 0.025670
0 0.176937 0.460938 0.065141 0.012277
1 0.133803 0.460938 0.029930 0.021205
0 0.068662 0.527902 0.087148 0.011161
1 0.018486 0.527902 0.036972 0.029576
1 0.355634 0.529018 0.039613 0.033482
0 0.874120 0.540737 0.061620 0.014509
1 0.573944 0.569754 0.037852 0.029018
0 0.139085 0.598214 0.033451 0.012277
1 0.110915 0.598214 0.029930 0.021205
0 0.665493 0.625000 0.033451 0.012277
1 0.943662 0.620536 0.040493 0.025670
0 0.226232 0.628348 0.063380 0.013393
1 0.639085 0.625000 0.028169 0.020647
1 0.895247 0.622210 0.036972 0.032366
1 0.184859 0.628348 0.029049 0.020089
0 0.214789 0.699777 0.056338 0.011161
1 0.176056 0.699777 0.030810 0.020647
1 0.320423 0.723214 0.029930 0.021205
0 0.045775 0.777344 0.033451 0.011161
1 0.205986 0.773438 0.037852 0.029018
1 0.717430 0.779576 0.031690 0.022321
1 0.019366 0.777344 0.037852 0.032366
0 0.832747 0.802455 0.087148 0.010045
1 0.773768 0.802455 0.038732 0.026786
0 0.117077 0.818638 0.065141 0.012277
0 0.919894 0.822545 0.061620 0.012277
1 0.068662 0.819196 0.040493 0.025112
1 0.878521 0.822545 0.030810 0.020647
0 0.391725 0.856585 0.063380 0.013393
1 0.351232 0.856585 0.026408 0.021205
