0 0.371479 0.003906 0.061620 0.007812
1 0.324824 0.012835 0.040493 0.025670
0 0.111796 0.046875 0.061620 0.014509
1 0.071303 0.046875 0.028169 0.020089
1 0.308099 0.060268 0.032570 0.022321
1 0.968310 0.074219 0.032570 0.021205
1 0.662852 0.119420 0.036972 0.030692
1 0.255282 0.130580 0.037852 0.029018
0 0.601232 0.162946 0.088028 0.012277
1 0.547535 0.162946 0.030810 0.020647
0 0.331866 0.173549 0.063380 0.013393
1 0.285211 0.173549 0.038732 0.026786
1 0.073944 0.177455 0.030810 0.020647
0 0.487676 0.210938 0.060739 0.010603
1 0.442782 0.210938 0.036972 0.032366
1 0.733275 0.262277 0.029930 0.021205
0 0.306338 0.270089 0.038732 0.012277
1 0.275528 0.270089 0.031690 0.022321
0 0.964789 0.279018 0.069542 0.010045
1 0.915493 0.279018 0.039613 0.033482
0 0.388204 0.317522 0.061620 0.012277
1 0.792253 0.311384 0.036972 0.029576
1 0.341549 0.317522 0.040493 0.025670
1 0.286092 0.323661 0.029930 0.020647
0 0.096831 0.331473 0.036092 0.010045
1 0.720951 0.325335 0.040493 0.025670
1 0.064261 0.331473 0.036972 0.023438
1 0.359155 0.366071 0.029930 0.021205
1 0.955986 0.372768 0.041373 0.034040
1 0.746479 0.383929 0.028169 0.020089
1 0.176937 0.420759 0.028169 0.022321
1 0.636444 0.419643 0.036972 0.029576
1 0.286972 0.506138 0.036972 0.030134
1 0.632042 0.514509 0.037852 0.032366
1 0.479754 0.554129 0.028169 0.022321
1 0.788732 0.558036 0.042254 0.026786
1 0.225352 0.617188 0.030810 0.020647
1 0.751761 0.623326 0.030810 0.020089
0 0.875000 0.640625 0.085387 0.011161
1 0.819542 0.640625 0.033451 0.022321
1 0.029049 0.641183 0.038732 0.026786
1 0.469190 0.644531 0.036972 0.023438
0 0.978873 0.653460 0.042254 0.012277
1 0.941021 0.653460 0.042254 0.026786
0 0.552817 0.678571 0.035211 0.013393
0 0.767606 0.684710 0.063380 0.012277
1 0.723592 0.684710 0.034331 0.030134
1 0.895247 0.745536 0.031690 0.021205
1 0.256162 0.745536 0.042254 0.026786
0 0.772887 0.791853 0.096831 0.014509
1 0.713908 0.791853 0.029930 0.021205
0 0.144366 0.806362 0.056338 0.011161
0 0.822183 0.815290 0.066021 0.013393
1 0.101232 0.806362 0.036972 0.032366
1 0.204225 0.818080 0.028169 0.020647
1 0.774648 0.815290 0.037852 0.032366
1 0.638204 0.828683 0.040493 0.025670
0 0.573063 0.847098 0.059859 0.010603
1 0.529049 0.847098 0.036972 0.029576
0 0.438380 0.860491 0.059859 0.010603
1 0.398768 0.859933 0.028169 0.020089
