0 0.632923 0.142857 0.033451 0.011161
1 0.602113 0.142857 0.037852 0.029018
0 0.498239 0.245536 0.065141 0.014509
1 0.452465 0.245536 0.037852 0.029018
0 0.264085 0.297991 0.091549 0.012277
1 0.207746 0.297991 0.032570 0.021205
1 0.308099 0.329241 0.032570 0.020647
0 0.387324 0.356027 0.061620 0.014509
0 0.750000 0.360491 0.034331 0.010603
1 0.342430 0.356027 0.036972 0.032366
1 0.716549 0.360491 0.040493 0.026786
0 0.881162 0.411830 0.035211 0.011161
1 0.851232 0.411830 0.033451 0.021205
1 0.154930 0.606027 0.029930 0.020647
