0 0.961268 0.140067 0.036092 0.010045
1 0.926056 0.140067 0.042254 0.024554
0 0.924296 0.146763 0.063380 0.014509
1 0.876761 0.146763 0.040493 0.026786
2 0.954225 0.172991 0.022007 0.017299
1 0.555458 0.215402 0.026408 0.021205
1 0.165493 0.232143 0.041373 0.025670
0 0.404930 0.258929 0.087148 0.010045
1 0.346831 0.258929 0.037852 0.029018
0 0.863556 0.282366 0.063380 0.011161
2 0.164613 0.281808 0.058099 0.039062
0 0.593310 0.297991 0.033451 0.009487
2 0.838028 0.285714 0.065141 0.045201
1 0.560739 0.297991 0.040493 0.032366
0 0.518486 0.307478 0.093310 0.013393
1 0.461268 0.306920 0.028169 0.020647
1 0.355634 0.312500 0.034331 0.030134
0 0.272007 0.339286 0.088028 0.011161
0 0.667253 0.342076 0.085387 0.011161
2 0.584507 0.343750 0.028169 0.023438
1 0.609155 0.342076 0.036972 0.032366
0 0.135563 0.358817 0.033451 0.012277
1 0.109155 0.359375 0.030810 0.020647
2 0.237676 0.381138 0.041373 0.034598
0 0.848592 0.395647 0.033451 0.012277
1 0.818662 0.395647 0.035211 0.023438
0 0.787852 0.466518 0.033451 0.011161
1 0.757042 0.466518 0.036972 0.030692
1 0.854753 0.519531 0.044014 0.034598
1 0.637324 0.542411 0.040493 0.025670
1 0.415493 0.550223 0.030810 0.020647
1 0.761444 0.582031 0.035211 0.022321
0 0.852993 0.597098 0.033451 0.011161
1 0.823944 0.597098 0.032570 0.022321
2 0.968310 0.598214 0.035211 0.028460
1 0.545775 0.604353 0.032570 0.021205
0 0.497359 0.609933 0.033451 0.010045
1 0.968310 0.611049 0.028169 0.020089
1 0.466549 0.609933 0.037852 0.029018
2 0.855634 0.620536 0.029049 0.022879
1 0.700704 0.637835 0.031690 0.021205
0 0.370599 0.659598 0.031690 0.009487
1 0.341549 0.659040 0.037852 0.032366
0 0.686620 0.676897 0.066021 0.013393
1 0.637324 0.677455 0.039613 0.025112
1 0.684859 0.708705 0.030810 0.020647
0 0.457746 0.742188 0.087148 0.011161
1 0.403169 0.742188 0.030810 0.020647
1 0.301937 0.749442 0.031690 0.021205
0 0.483275 0.796317 0.063380 0.012277
1 0.437500 0.795759 0.036972 0.030692
