0 0.374120 0.021205 0.029930 0.012277
1 0.348592 0.021205 0.032570 0.022321
1 0.211268 0.049107 0.044014 0.034598
1 0.631162 0.160714 0.028169 0.020647
0 0.405810 0.175781 0.091549 0.013393
0 0.752641 0.180804 0.033451 0.011161
1 0.725352 0.180804 0.029930 0.021205
1 0.348592 0.175223 0.034331 0.031808
0 0.312500 0.212054 0.063380 0.011161
1 0.270246 0.212054 0.028169 0.020089
1 0.202465 0.217634 0.037852 0.032366
0 0.660211 0.230469 0.065141 0.013393
1 0.615317 0.230469 0.033451 0.022321
1 0.133803 0.243304 0.032570 0.021763
1 0.854753 0.257254 0.028169 0.020089
0 0.437500 0.267857 0.091549 0.012277
1 0.380282 0.267857 0.032570 0.022321
1 0.516725 0.286272 0.038732 0.026786
1 0.794014 0.296875 0.037852 0.032924
1 0.241197 0.297991 0.037852 0.032924
1 0.644366 0.320871 0.033451 0.022321
1 0.090669 0.343750 0.031690 0.021763
1 0.152289 0.353795 0.029930 0.020647
0 0.541373 0.362165 0.033451 0.010045
1 0.514965 0.361607 0.028169 0.020647
1 0.096831 0.370536 0.030810 0.020647
0 0.447183 0.381696 0.087148 0.010045
0 0.802817 0.385045 0.058979 0.010045
1 0.763204 0.385045 0.028169 0.022321
1 0.206866 0.402902 0.040493 0.025670
0 0.052817 0.466518 0.063380 0.012277
1 0.015845 0.466518 0.031690 0.021205
1 0.251761 0.478795 0.033451 0.022321
1 0.133803 0.483259 0.028169 0.020089
1 0.895247 0.490513 0.040493 0.025670
0 0.752641 0.504464 0.063380 0.013393
1 0.704225 0.504464 0.041373 0.034040
1 0.861796 0.520089 0.036972 0.029576
0 0.191901 0.532924 0.063380 0.011161
1 0.149648 0.532366 0.029930 0.020647
0 0.710387 0.564732 0.061620 0.013393
0 0.572183 0.565290 0.063380 0.013393
1 0.665493 0.564732 0.037852 0.029018
1 0.526408 0.564732 0.036972 0.029576
1 0.369718 0.574777 0.038732 0.033482
0 0.174296 0.599330 0.063380 0.013393
1 0.132042 0.599330 0.029049 0.020089
1 0.635563 0.598772 0.026408 0.021205
0 0.972711 0.608259 0.054577 0.011161
1 0.205986 0.604353 0.037852 0.032366
1 0.929577 0.608259 0.041373 0.025670
0 0.743838 0.638393 0.086268 0.010603
1 0.687500 0.638951 0.035211 0.022321
1 0.468310 0.671875 0.028169 0.020647
0 0.771127 0.756138 0.095070 0.010045
1 0.923415 0.748884 0.035211 0.032924
1 0.712148 0.756696 0.031690 0.022879
0 0.883803 0.764509 0.058979 0.010045
1 0.839789 0.764509 0.037852 0.029018
