0 0.708627 0.077009 0.061620 0.013393
1 0.665493 0.077009 0.034331 0.030134
0 0.601232 0.183594 0.063380 0.013393
1 0.553697 0.183594 0.040493 0.025670
0 0.277289 0.197545 0.061620 0.013393
1 0.230634 0.197545 0.040493 0.032366
0 0.636444 0.222098 0.066901 0.013393
1 0.588028 0.222098 0.038732 0.025112
1 0.147007 0.293527 0.036972 0.029018
1 0.869718 0.396205 0.037852 0.029018
0 0.498239 0.482701 0.063380 0.011161
1 0.451585 0.482701 0.038732 0.033482
0 0.158451 0.540179 0.060739 0.010603
1 0.112676 0.539621 0.039613 0.033482
0 0.447183 0.625000 0.091549 0.012277
1 0.385563 0.625000 0.040493 0.032366
1 0.448944 0.674107 0.037852 0.032366
