0 0.704225 0.001674 0.033451 0.003348
1 0.676056 0.010045 0.032570 0.020089
1 0.360915 0.041853 0.028169 0.020089
1 0.257923 0.047433 0.038732 0.033482
0 0.883803 0.070312 0.087148 0.011161
1 0.829225 0.070312 0.031690 0.022321
1 0.684859 0.093750 0.031690 0.021205
1 0.302817 0.095982 0.034331 0.031808
1 0.272887 0.104911 0.026408 0.021205
1 0.977113 0.109933 0.037852 0.029018
1 0.056338 0.120536 0.037852 0.029018
1 0.316901 0.154576 0.028169 0.022321
1 0.363556 0.156250 0.028169 0.020647
1 0.295775 0.216518 0.028169 0.022321
0 0.669014 0.224888 0.061620 0.012277
1 0.088908 0.220424 0.038732 0.026786
1 0.628521 0.224888 0.029049 0.020089
2 0.954225 0.224330 0.038732 0.032924
1 0.926056 0.227679 0.036972 0.029576
1 0.519366 0.236049 0.029049 0.020089
0 0.873239 0.275112 0.085387 0.011161
1 0.720070 0.270647 0.028169 0.020089
0 0.272887 0.276228 0.063380 0.013393
1 0.225352 0.276228 0.040493 0.032366
2 0.737676 0.291295 0.032570 0.025112
1 0.021127 0.301339 0.041373 0.025112
0 0.175176 0.308594 0.061620 0.012277
1 0.366197 0.305804 0.028169 0.020647
2 0.049296 0.305804 0.036092 0.028460
1 0.128521 0.308594 0.040493 0.025670
2 0.254401 0.331473 0.036972 0.020647
1 0.173415 0.348214 0.038732 0.033482
0 0.432218 0.360491 0.065141 0.012277
1 0.257923 0.380580 0.040493 0.025112
2 0.406690 0.397321 0.029930 0.028460
0 0.830106 0.487165 0.089789 0.012277
0 0.262324 0.488839 0.034331 0.010603
1 0.228873 0.488839 0.040493 0.025112
1 0.771127 0.487165 0.039613 0.033482
0 0.185739 0.500558 0.095070 0.012277
1 0.126761 0.500558 0.031690 0.021205
1 0.300176 0.503348 0.040493 0.025112
0 0.439261 0.510045 0.088028 0.012835
1 0.383803 0.510045 0.030810 0.020647
0 0.362676 0.550781 0.033451 0.012277
0 0.666373 0.556920 0.091549 0.012277
2 0.080106 0.545759 0.040493 0.035714
0 0.096831 0.558036 0.063380 0.011161
1 0.331866 0.550781 0.036972 0.029018
2 0.639965 0.553571 0.028169 0.025112
1 0.609155 0.556920 0.030810 0.020647
0 0.934859 0.562500 0.063380 0.012277
1 0.892606 0.562500 0.030810 0.020647
1 0.051056 0.558036 0.037852 0.032924
0 0.720070 0.576451 0.035211 0.010045
0 0.281690 0.580915 0.061620 0.012277
1 0.692782 0.576451 0.028169 0.022321
1 0.239437 0.581473 0.032570 0.021763
0 0.585387 0.587054 0.035211 0.012277
1 0.550176 0.587054 0.044014 0.034598
0 0.172535 0.603795 0.063380 0.014509
1 0.738556 0.598772 0.040493 0.025670
1 0.131162 0.603795 0.028169 0.022321
2 0.909331 0.601004 0.035211 0.032366
1 0.361796 0.622768 0.029930 0.020647
0 0.275528 0.658482 0.065141 0.013393
1 0.229754 0.658482 0.035211 0.023438
0 0.581866 0.665737 0.063380 0.013393
0 0.478873 0.667411 0.063380 0.013393
1 0.433099 0.667411 0.036972 0.023438
1 0.536972 0.665737 0.037852 0.032366
0 0.498239 0.710938 0.063380 0.012277
1 0.452465 0.710938 0.039613 0.025112
0 0.378521 0.719866 0.031690 0.009487
1 0.352113 0.719308 0.029930 0.021205
0 0.121479 0.737723 0.058979 0.009487
1 0.081866 0.737165 0.028169 0.022321
2 0.911972 0.803571 0.040493 0.030692
0 0.729753 0.835938 0.088028 0.010603
1 0.669894 0.835379 0.040493 0.025670
0 0.545775 0.864955 0.035211 0.013393
1 0.517606 0.864955 0.032570 0.020647
2 0.535211 0.891741 0.039613 0.023996
0 0.596831 0.906250 0.058979 0.009487
1 0.557218 0.906808 0.028169 0.022321
