0 0.985915 0.045759 0.027289 0.009487
1 0.957747 0.045759 0.037852 0.032366
0 0.943662 0.119978 0.093310 0.013393
0 0.772887 0.126116 0.086268 0.010603
1 0.881162 0.119978 0.040493 0.025670
1 0.714789 0.126674 0.037852 0.029018
0 0.247359 0.154018 0.031690 0.009487
0 0.066901 0.154018 0.087148 0.010045
1 0.014965 0.154018 0.029930 0.021205
1 0.588028 0.156250 0.029930 0.020647
1 0.215669 0.154018 0.040493 0.026786
1 0.695423 0.154018 0.036972 0.030692
0 0.385563 0.170759 0.060739 0.009487
1 0.339789 0.171317 0.037852 0.029018
2 0.588028 0.173549 0.048415 0.032366
1 0.961268 0.198103 0.033451 0.021205
0 0.227113 0.240513 0.061620 0.014509
1 0.185739 0.241071 0.029930 0.020647
1 0.610915 0.306920 0.042254 0.026786
1 0.920775 0.309152 0.038732 0.026786
1 0.470070 0.319754 0.037852 0.032366
0 0.866197 0.330915 0.061620 0.013393
1 0.820423 0.331473 0.036972 0.030692
0 0.983275 0.347098 0.033451 0.012277
1 0.956866 0.347098 0.028169 0.022321
2 0.639965 0.347656 0.045775 0.040179
2 0.470070 0.356027 0.043134 0.030134
0 0.660211 0.384487 0.087148 0.011161
0 0.927817 0.392299 0.063380 0.012277
1 0.602993 0.384487 0.036972 0.029018
1 0.880282 0.392299 0.039613 0.025670
1 0.788732 0.400112 0.033451 0.022321
0 0.342430 0.436942 0.096831 0.014509
1 0.278169 0.436384 0.039613 0.025112
0 0.319542 0.467076 0.063380 0.013393
1 0.276408 0.466518 0.030810 0.020647
1 0.084507 0.469866 0.030810 0.020647
1 0.623239 0.475446 0.037852 0.032366
1 0.854753 0.481585 0.035211 0.022321
0 0.980634 0.501116 0.037852 0.013393
1 0.950704 0.501116 0.030810 0.020647
0 0.316021 0.525112 0.063380 0.013393
1 0.269366 0.525112 0.038732 0.026786
1 0.426056 0.545759 0.038732 0.026786
0 0.876761 0.565290 0.065141 0.012277
1 0.828345 0.565290 0.038732 0.033482
1 0.054577 0.603795 0.041373 0.025112
1 0.352993 0.630022 0.036972 0.029018
1 0.417254 0.660714 0.040493 0.025670
0 0.865317 0.670759 0.063380 0.011161
1 0.258803 0.665737 0.039613 0.025670
1 0.705106 0.672991 0.029930 0.021205
1 0.819542 0.670759 0.036972 0.032366
2 0.417254 0.683036 0.029930 0.025670
1 0.756162 0.686384 0.035211 0.032924
1 0.645247 0.710938 0.042254 0.024554
1 0.890845 0.710379 0.039613 0.025670
0 0.686620 0.722656 0.033451 0.012277
1 0.660211 0.722656 0.029049 0.020089
2 0.918134 0.726562 0.049296 0.037946
0 0.100352 0.763393 0.034331 0.008929
1 0.073063 0.763393 0.028169 0.020089
0 0.708627 0.796875 0.086268 0.010603
0 0.407570 0.801339 0.093310 0.012277
1 0.654930 0.796875 0.030810 0.020647
1 0.836268 0.794643 0.042254 0.026786
2 0.866197 0.799665 0.044894 0.031250
1 0.346831 0.801339 0.039613 0.033482
0 0.195423 0.831473 0.058979 0.009487
0 0.112676 0.829799 0.065141 0.013393
1 0.154930 0.831473 0.029930 0.020647
1 0.064261 0.829799 0.040493 0.025670
1 0.794894 0.842076 0.029930 0.021205
2 0.086268 0.842634 0.034331 0.028460
1 0.922535 0.847656 0.036972 0.030134
0 0.609155 0.867188 0.033451 0.008929
0 0.531690 0.866071 0.091549 0.012277
1 0.475352 0.866071 0.029930 0.020647
1 0.582747 0.867188 0.028169 0.022321
