1 0.310739 0.010603 0.029930 0.021205
0 0.634683 0.024554 0.031690 0.009487
1 0.154049 0.023996 0.036972 0.023438
0 0.943662 0.155692 0.065141 0.013393
1 0.897007 0.155692 0.036972 0.023438
1 0.754401 0.170759 0.028169 0.022321
1 0.156690 0.250558 0.029049 0.020089
1 0.753521 0.264509 0.035211 0.032924
1 0.924296 0.300223 0.037852 0.032924
0 0.663732 0.359375 0.095070 0.010045
1 0.029930 0.367746 0.031690 0.022321
1 0.878521 0.376116 0.038732 0.025112
1 0.516725 0.377232 0.036972 0.029576
0 0.100352 0.390625 0.034331 0.009487
1 0.683099 0.387277 0.038732 0.025112
1 0.067782 0.390625 0.036972 0.029576
0 0.387324 0.415737 0.063380 0.011161
0 0.779930 0.484933 0.063380 0.012277
1 0.735915 0.484933 0.033451 0.022321
1 0.700704 0.516741 0.031690 0.022879
1 0.049296 0.530692 0.037852 0.032366
1 0.367958 0.534598 0.036972 0.030692
1 0.551056 0.549107 0.040493 0.026786
1 0.697183 0.566406 0.039613 0.025670
1 0.031690 0.579241 0.032570 0.021205
1 0.433099 0.582589 0.032570 0.020647
0 0.593310 0.609375 0.061620 0.011161
1 0.547535 0.609375 0.037852 0.032366
1 0.957747 0.626116 0.031690 0.021763
1 0.188380 0.635045 0.032570 0.021763
0 0.290493 0.649554 0.066021 0.013393
1 0.242958 0.649554 0.037852 0.032366
0 0.339789 0.680804 0.065141 0.013393
1 0.872359 0.768973 0.031690 0.022879
0 0.705106 0.795759 0.059859 0.011161
1 0.663732 0.795759 0.031690 0.022321
0 0.061620 0.812500 0.059859 0.010603
1 0.267606 0.802455 0.034331 0.031808
1 0.021127 0.812500 0.029930 0.020647
0 0.435739 0.818638 0.035211 0.010045
1 0.404049 0.818080 0.036972 0.030692
1 0.213028 0.829241 0.037852 0.032924
1 0.633803 0.837054 0.034331 0.031808
1 0.536972 0.882254 0.037852 0.032366
1 0.625000 0.906250 0.039613 0.025670
