0 0.881162 0.017299 0.065141 0.014509
1 0.835387 0.017857 0.035211 0.032924
1 0.764085 0.042969 0.037852 0.032366
0 0.348592 0.065290 0.063380 0.011161
1 0.307218 0.065290 0.028169 0.020089
1 0.040493 0.064732 0.037852 0.032366
1 0.930458 0.079241 0.036972 0.029576
0 0.703345 0.112723 0.063380 0.013393
1 0.655810 0.112723 0.040493 0.025670
0 0.604753 0.146763 0.063380 0.012277
1 0.561620 0.147321 0.032570 0.020647
1 0.691901 0.158482 0.035211 0.032924
0 0.527289 0.221540 0.033451 0.011161
1 0.500000 0.222098 0.029930 0.020647
1 0.261444 0.228237 0.028169 0.020089
0 0.376761 0.290179 0.066021 0.013393
1 0.325704 0.290179 0.042254 0.026786
0 0.825704 0.303571 0.063380 0.013393
1 0.781690 0.303571 0.033451 0.022321
1 0.201585 0.299665 0.038732 0.033482
0 0.443662 0.344866 0.063380 0.012277
0 0.395246 0.344866 0.093310 0.012277
1 0.338028 0.344866 0.030810 0.020647
1 0.399648 0.344866 0.032570 0.021763
0 0.218310 0.363281 0.061620 0.014509
1 0.176056 0.363281 0.030810 0.020089
0 0.426056 0.400670 0.061620 0.013393
1 0.383803 0.400670 0.032570 0.021205
1 0.093310 0.429129 0.040493 0.025670
0 0.664613 0.493862 0.065141 0.012277
1 0.617958 0.493862 0.037852 0.029018
0 0.163732 0.504464 0.060739 0.010603
0 0.234155 0.509487 0.091549 0.012277
1 0.117077 0.503906 0.042254 0.024554
1 0.177817 0.510045 0.030810 0.020647
1 0.948063 0.513393 0.035211 0.022321
0 0.596831 0.577009 0.035211 0.013393
0 0.456866 0.578683 0.061620 0.014509
1 0.415493 0.579241 0.030810 0.020647
1 0.565141 0.577009 0.036972 0.032366
1 0.632042 0.603795 0.034331 0.031808
1 0.742958 0.640067 0.032570 0.021205
0 0.394366 0.650112 0.063380 0.012277
1 0.346831 0.650112 0.040493 0.025670
1 0.640845 0.680804 0.042254 0.024554
0 0.285211 0.729911 0.059859 0.012277
1 0.240317 0.729911 0.038732 0.026786
0 0.261444 0.746094 0.058099 0.010045
1 0.217430 0.745536 0.038732 0.025112
1 0.418134 0.752790 0.036972 0.029018
0 0.948944 0.833147 0.091549 0.012277
0 0.336268 0.840402 0.060739 0.009487
1 0.889085 0.833147 0.039613 0.025670
1 0.595070 0.842076 0.029930 0.021205
1 0.287852 0.840402 0.042254 0.026786
