2 0.375000 0.022321 0.041373 0.036272
0 0.369718 0.132812 0.033451 0.011161
1 0.341549 0.132812 0.029930 0.021205
2 0.360035 0.175223 0.029930 0.027344
0 0.570423 0.223214 0.093310 0.012277
0 0.744718 0.232701 0.061620 0.013393
1 0.508803 0.223214 0.041373 0.034040
1 0.698063 0.232701 0.040493 0.025670
1 0.251761 0.238839 0.029049 0.020089
1 0.188380 0.244978 0.031690 0.022321
2 0.728873 0.252790 0.044894 0.034598
0 0.901408 0.285714 0.058979 0.009487
1 0.802817 0.280134 0.030810 0.021205
1 0.860915 0.285714 0.030810 0.020089
0 0.715669 0.303571 0.061620 0.013393
1 0.675176 0.303571 0.028169 0.022321
1 0.515845 0.325893 0.038732 0.025112
1 0.257923 0.347656 0.040493 0.025670
1 0.314261 0.352121 0.026408 0.021205
1 0.771127 0.371652 0.031690 0.022879
2 0.258803 0.375000 0.057218 0.036272
1 0.212148 0.407366 0.028169 0.020089
1 0.804577 0.416853 0.030810 0.021205
1 0.515845 0.454241 0.033451 0.022321
1 0.854753 0.471540 0.028169 0.020089
0 0.141725 0.501116 0.061620 0.013393
1 0.095070 0.501116 0.039613 0.025670
1 0.816901 0.502232 0.039613 0.025670
1 0.191901 0.525670 0.034331 0.031808
0 0.443662 0.551339 0.063380 0.013393
1 0.398768 0.551339 0.035211 0.032924
1 0.150528 0.559152 0.029930 0.021205
1 0.371479 0.566964 0.030810 0.020647
0 0.618838 0.577567 0.065141 0.013393
1 0.518486 0.575893 0.036972 0.030692
1 0.572183 0.577567 0.037852 0.032366
0 0.278169 0.593192 0.061620 0.013393
0 0.934859 0.596540 0.061620 0.012277
1 0.235915 0.592634 0.030810 0.020647
1 0.893486 0.595982 0.029930 0.020647
0 0.467430 0.622210 0.061620 0.011161
1 0.422535 0.621652 0.037852 0.032924
1 0.346831 0.642299 0.044014 0.034598
2 0.538732 0.666295 0.029930 0.025670
0 0.559859 0.681920 0.058979 0.009487
0 0.298415 0.685826 0.059859 0.012277
1 0.517606 0.681362 0.031690 0.022321
2 0.346831 0.686384 0.038732 0.021763
1 0.253521 0.686384 0.041373 0.034040
1 0.691901 0.690848 0.034331 0.031808
1 0.786972 0.781250 0.035211 0.022321
