1 0.531690 0.010603 0.029930 0.021205
0 0.444542 0.003906 0.088028 0.007812
1 0.389085 0.010603 0.029930 0.021205
1 0.608275 0.011161 0.035211 0.022321
0 0.938380 0.075335 0.061620 0.012277
1 0.029049 0.074777 0.029930 0.020647
1 0.897887 0.075335 0.028169 0.020089
0 0.706866 0.089844 0.059859 0.010045
1 0.667253 0.090402 0.030810 0.020647
2 0.029930 0.104911 0.029049 0.023438
0 0.056338 0.166295 0.033451 0.013393
1 0.028169 0.166295 0.030810 0.021205
0 0.590669 0.184710 0.035211 0.012277
1 0.558099 0.184710 0.038732 0.026786
2 0.905810 0.187500 0.028169 0.027344
1 0.026408 0.196429 0.032570 0.020647
0 0.477113 0.208705 0.058979 0.009487
0 0.920775 0.207589 0.058099 0.013393
1 0.431338 0.208705 0.041373 0.025112
0 0.345951 0.215402 0.065141 0.012277
1 0.297535 0.215402 0.039613 0.025670
1 0.676056 0.248884 0.034331 0.031808
0 0.135563 0.270647 0.087148 0.011161
1 0.077465 0.271205 0.036972 0.029576
2 0.190141 0.323103 0.039613 0.032366
2 0.676056 0.333705 0.022007 0.017299
0 0.219190 0.347656 0.089789 0.013393
1 0.158451 0.347656 0.040493 0.025670
1 0.081866 0.380580 0.028169 0.022321
2 0.660211 0.389509 0.037852 0.031808
1 0.588028 0.410714 0.029930 0.020647
1 0.091549 0.481027 0.032570 0.021205
1 0.429577 0.479911 0.040493 0.026786
1 0.853873 0.485491 0.032570 0.021763
0 0.720951 0.497768 0.061620 0.012277
1 0.681338 0.497768 0.026408 0.021205
1 0.336268 0.501116 0.037852 0.032366
1 0.581866 0.522879 0.029930 0.021205
1 0.741197 0.556362 0.032570 0.022321
2 0.241197 0.556920 0.046655 0.036830
0 0.279930 0.570871 0.091549 0.012277
2 0.741197 0.568080 0.050176 0.026228
1 0.220070 0.571429 0.036972 0.029576
1 0.791373 0.593750 0.029930 0.020647
1 0.198944 0.588170 0.037852 0.032366
0 0.394366 0.598214 0.061620 0.012277
0 0.065141 0.602679 0.061620 0.012277
1 0.353873 0.598214 0.028169 0.022321
1 0.019366 0.602679 0.037852 0.032366
0 0.971831 0.617188 0.056338 0.010603
0 0.188380 0.619420 0.085387 0.009487
1 0.933099 0.617188 0.028169 0.020647
1 0.133803 0.619978 0.031690 0.022321
1 0.253521 0.620536 0.036972 0.029576
1 0.096831 0.628906 0.028169 0.022321
0 0.486796 0.643973 0.033451 0.012277
1 0.454225 0.643973 0.040493 0.025670
2 0.352993 0.661830 0.029930 0.022321
0 0.563380 0.672991 0.063380 0.013393
1 0.521127 0.672991 0.030810 0.020089
1 0.948944 0.707031 0.042254 0.026786
1 0.372359 0.711496 0.035211 0.023438
1 0.692782 0.713170 0.029930 0.021205
1 0.523768 0.729911 0.040493 0.025112
1 0.176937 0.777344 0.031690 0.021205
1 0.837148 0.777902 0.029930 0.020647
2 0.202465 0.801339 0.030810 0.022879
0 0.154930 0.830357 0.061620 0.012277
1 0.114437 0.830357 0.028169 0.020089
0 0.735915 0.859933 0.085387 0.011161
1 0.683099 0.859375 0.030810 0.020647
