1 0.637324 0.010045 0.030810 0.020089
0 0.470070 0.107143 0.085387 0.011161
1 0.411972 0.107143 0.038732 0.033482
2 0.440141 0.162946 0.041373 0.039621
0 0.332746 0.199219 0.061620 0.012277
1 0.285211 0.199219 0.042254 0.024554
0 0.324824 0.270089 0.033451 0.012277
1 0.294894 0.270089 0.033451 0.021205
1 0.096831 0.310268 0.032570 0.021205
1 0.593310 0.514509 0.031690 0.022321
0 0.812500 0.526228 0.063380 0.011161
1 0.764965 0.526228 0.040493 0.025670
0 0.380282 0.690290 0.056338 0.011161
1 0.339789 0.689732 0.032570 0.021763
0 0.667253 0.733817 0.063380 0.011161
1 0.619718 0.733817 0.040493 0.026786
1 0.029930 0.770089 0.031690 0.022879
