0 0.638204 0.017857 0.093310 0.013393
1 0.241197 0.036830 0.036972 0.029576
2 0.606514 0.043527 0.056338 0.034040
1 0.684859 0.050223 0.039613 0.025670
2 0.684859 0.071429 0.046655 0.039062
0 0.341549 0.142857 0.088028 0.012277
1 0.265845 0.146205 0.041373 0.034040
1 0.042254 0.155692 0.032570 0.021205
0 0.724472 0.179688 0.061620 0.013393
1 0.679577 0.179688 0.036972 0.030692
2 0.264965 0.209821 0.049296 0.029576
0 0.873239 0.289062 0.084507 0.011161
1 0.820423 0.289062 0.029930 0.021205
0 0.035211 0.334821 0.059859 0.010603
1 0.353873 0.330915 0.026408 0.021205
1 0.014965 0.334821 0.029930 0.021205
0 0.908451 0.368862 0.058099 0.013393
1 0.861796 0.368862 0.044014 0.034598
1 0.851232 0.377232 0.036972 0.029576
1 0.299296 0.383929 0.029049 0.020089
1 0.473592 0.383929 0.041373 0.025670
1 0.959507 0.389509 0.034331 0.031808
0 0.466549 0.418527 0.091549 0.012277
1 0.411092 0.418527 0.028169 0.020089
1 0.746479 0.428571 0.036972 0.029576
0 0.391725 0.443638 0.059859 0.012277
1 0.345070 0.443638 0.042254 0.026786
1 0.968310 0.465402 0.036972 0.029576
1 0.029930 0.467634 0.039613 0.025112
1 0.764085 0.515625 0.039613 0.025670
1 0.419894 0.545759 0.028169 0.022321
2 0.149648 0.543527 0.044014 0.038504
1 0.149648 0.578683 0.035211 0.022321
0 0.593310 0.604911 0.031690 0.009487
2 0.030810 0.597098 0.035211 0.029576
1 0.015845 0.602679 0.031690 0.022321
1 0.566901 0.604911 0.029930 0.020647
1 0.685739 0.604911 0.042254 0.026786
0 0.647887 0.623884 0.063380 0.012277
0 0.378521 0.637835 0.065141 0.013393
1 0.334507 0.637835 0.031690 0.021205
2 0.632042 0.641741 0.037852 0.028460
1 0.112676 0.657924 0.029930 0.021205
1 0.516725 0.658482 0.031690 0.021205
0 0.061620 0.662388 0.063380 0.013393
1 0.018486 0.661830 0.031690 0.021763
1 0.339789 0.706473 0.028169 0.020089
0 0.062500 0.712054 0.063380 0.011161
1 0.022007 0.712054 0.026408 0.021205
1 0.515845 0.715402 0.028169 0.020647
1 0.022887 0.726562 0.034331 0.030134
1 0.181338 0.752232 0.034331 0.031808
1 0.786972 0.795759 0.040493 0.026786
2 0.369718 0.792411 0.041373 0.039621
0 0.372359 0.815848 0.033451 0.010045
1 0.564261 0.810268 0.031690 0.022321
1 0.683979 0.808594 0.038732 0.033482
1 0.342430 0.815848 0.035211 0.022321
0 0.220070 0.824219 0.063380 0.013393
1 0.172535 0.824219 0.040493 0.025670
1 0.137324 0.839286 0.036972 0.023438
1 0.373239 0.852679 0.029930 0.021205
0 0.970951 0.886161 0.033451 0.011161
1 0.825704 0.882812 0.032570 0.021205
1 0.943662 0.886161 0.029930 0.021205
2 0.564261 0.898438 0.031690 0.021205
0 0.639965 0.917969 0.056338 0.011161
1 0.595951 0.917969 0.040493 0.032366
