1 0.358275 0.011161 0.031690 0.022321
1 0.684859 0.034040 0.035211 0.022321
0 0.327465 0.059152 0.093310 0.013393
2 0.296655 0.043527 0.051056 0.045201
1 0.271127 0.059152 0.028169 0.022321
1 0.985035 0.064174 0.028169 0.020089
0 0.158451 0.098214 0.063380 0.013393
1 0.114437 0.098214 0.036092 0.032366
0 0.082746 0.137277 0.034331 0.008929
1 0.050176 0.137277 0.040493 0.025670
0 0.704225 0.156250 0.060739 0.009487
1 0.662852 0.156808 0.029930 0.021205
0 0.313380 0.176339 0.060739 0.010603
1 0.270246 0.176339 0.031690 0.022879
2 0.139085 0.183036 0.024648 0.023438
0 0.671655 0.214286 0.066901 0.013393
1 0.174296 0.218750 0.028169 0.020089
1 0.625000 0.214286 0.036092 0.032366
1 0.095070 0.225446 0.041373 0.034040
2 0.436620 0.239397 0.031690 0.026786
2 0.825704 0.264509 0.048415 0.040737
0 0.375880 0.292411 0.065141 0.012277
1 0.330986 0.292411 0.032570 0.022321
1 0.691901 0.296875 0.028169 0.020089
1 0.045775 0.296875 0.038732 0.026786
1 0.495599 0.303571 0.033451 0.021205
2 0.515845 0.342634 0.044894 0.030134
1 0.349472 0.350446 0.038732 0.025112
0 0.929577 0.357701 0.091549 0.012277
1 0.873239 0.357143 0.030810 0.020647
2 0.461268 0.348214 0.055458 0.041853
1 0.043134 0.367188 0.042254 0.026786
1 0.441021 0.375000 0.031690 0.021763
0 0.202465 0.380022 0.063380 0.013393
1 0.801056 0.376116 0.032570 0.022321
1 0.161092 0.380022 0.028169 0.022321
1 0.534331 0.401786 0.040493 0.025670
1 0.963028 0.413504 0.031690 0.021205
2 0.800176 0.419643 0.033451 0.028460
2 0.963028 0.425223 0.030810 0.022879
1 0.117958 0.455357 0.041373 0.025112
0 0.980634 0.465402 0.038732 0.012277
1 0.947183 0.465402 0.037852 0.029018
1 0.635563 0.468750 0.036972 0.030134
1 0.778169 0.502790 0.028169 0.022321
0 0.267606 0.536272 0.035211 0.012277
0 0.446303 0.545759 0.093310 0.012277
1 0.387324 0.545759 0.034331 0.031808
0 0.056338 0.578125 0.034331 0.009487
2 0.802817 0.575893 0.027289 0.023438
1 0.024648 0.578125 0.036972 0.030692
1 0.891725 0.588170 0.031690 0.022321
2 0.413732 0.598214 0.036092 0.029018
1 0.580106 0.605469 0.040493 0.025670
0 0.658451 0.614397 0.061620 0.014509
1 0.612676 0.614397 0.038732 0.033482
1 0.767606 0.627232 0.042254 0.026786
1 0.204225 0.641741 0.039613 0.025112
1 0.424296 0.647321 0.030810 0.020647
1 0.101232 0.654576 0.033451 0.021205
1 0.018486 0.690848 0.036972 0.029576
0 0.926056 0.708705 0.033451 0.010045
0 0.382042 0.708147 0.035211 0.012277
1 0.353873 0.707589 0.029930 0.020647
1 0.623239 0.705915 0.042254 0.026786
1 0.470951 0.709821 0.029930 0.020647
1 0.893486 0.708705 0.040493 0.025112
2 0.623239 0.720982 0.033451 0.026786
0 0.854753 0.756138 0.065141 0.012277
1 0.806338 0.756138 0.039613 0.025670
1 0.089789 0.757254 0.038732 0.026786
1 0.746479 0.813616 0.035211 0.023438
0 0.090669 0.823661 0.059859 0.011161
1 0.956866 0.821429 0.044014 0.034598
1 0.047535 0.823661 0.036092 0.032366
0 0.691901 0.840402 0.061620 0.012277
1 0.646127 0.840402 0.037852 0.029018
2 0.746479 0.840960 0.065141 0.041295
0 0.540493 0.861049 0.035211 0.012277
1 0.228873 0.856585 0.042254 0.024554
1 0.285211 0.858817 0.030810 0.021205
1 0.512324 0.860491 0.029930 0.020647
2 0.309859 0.869978 0.059859 0.031250
1 0.468310 0.902902 0.036972 0.029576
