1 0.224472 0.050781 0.031690 0.022321
1 0.465669 0.082031 0.026408 0.021205
1 0.318662 0.083705 0.038732 0.026786
1 0.055458 0.084821 0.038732 0.033482
1 0.318662 0.136161 0.029930 0.021205
0 0.580106 0.151228 0.033451 0.011161
1 0.553697 0.151228 0.028169 0.022321
1 0.367077 0.210379 0.038732 0.026786
1 0.904049 0.219866 0.031690 0.022321
1 0.967430 0.230469 0.026408 0.021205
0 0.650528 0.242188 0.063380 0.011161
1 0.602993 0.242188 0.040493 0.025670
1 0.244718 0.280134 0.032570 0.020647
1 0.871479 0.284598 0.030810 0.020647
0 0.813380 0.309152 0.058979 0.009487
0 0.942782 0.308594 0.063380 0.012277
1 0.772887 0.308594 0.032570 0.021205
1 0.899648 0.308036 0.031690 0.022879
1 0.114437 0.323103 0.037852 0.029018
0 0.628521 0.332031 0.088028 0.012277
1 0.573063 0.331473 0.031690 0.021763
0 0.970951 0.351004 0.058099 0.012277
1 0.927817 0.351004 0.037852 0.032366
0 0.396127 0.362723 0.065141 0.013393
1 0.350352 0.362723 0.034331 0.030134
1 0.119718 0.414062 0.031690 0.022321
1 0.839789 0.416853 0.039613 0.033482
1 0.647007 0.467634 0.036972 0.030692
0 0.281690 0.479911 0.059859 0.012277
1 0.241197 0.479911 0.030810 0.020647
1 0.071303 0.483259 0.029930 0.020647
0 0.179577 0.552455 0.093310 0.012277
1 0.118838 0.552455 0.036972 0.029576
0 0.302817 0.575893 0.091549 0.014509
1 0.247359 0.575893 0.028169 0.020089
1 0.187500 0.580915 0.029930 0.021205
1 0.903169 0.590402 0.031690 0.022879
0 0.107394 0.598214 0.058979 0.009487
1 0.065141 0.598214 0.032570 0.021205
1 0.534331 0.614955 0.036972 0.029576
0 0.332746 0.640067 0.084507 0.011161
1 0.202465 0.633371 0.039613 0.025670
1 0.279049 0.640067 0.031690 0.022321
0 0.315141 0.690848 0.065141 0.012277
1 0.271127 0.690848 0.034331 0.030134
1 0.968310 0.703125 0.031690 0.021205
1 0.900528 0.780692 0.036972 0.030134
1 0.190141 0.791295 0.036972 0.030134
1 0.311620 0.796875 0.034331 0.031808
1 0.801056 0.843750 0.030810 0.020647
1 0.566901 0.846540 0.037852 0.032366
0 0.761444 0.858817 0.035211 0.010045
1 0.731514 0.858817 0.033451 0.022321
1 0.035211 0.859933 0.037852 0.029018
