2 0.421655 0.017857 0.036972 0.029018
0 0.337148 0.054688 0.059859 0.010603
1 0.297535 0.054129 0.028169 0.020089
1 0.039613 0.145089 0.029930 0.021205
0 0.404049 0.160714 0.063380 0.013393
1 0.361796 0.160714 0.029930 0.021205
0 0.346831 0.167411 0.059859 0.009487
1 0.302817 0.166853 0.037852 0.032366
1 0.482394 0.176339 0.030810 0.020647
0 0.158451 0.266183 0.034331 0.008929
2 0.039613 0.262835 0.026408 0.021205
1 0.130282 0.266183 0.030810 0.020089
1 0.954225 0.261161 0.044014 0.034598
1 0.353873 0.275670 0.032570 0.020647
1 0.585387 0.278460 0.042254 0.026786
0 0.443662 0.300223 0.061620 0.014509
1 0.397007 0.300223 0.040493 0.025670
0 0.501761 0.311384 0.063380 0.014509
1 0.455986 0.311384 0.039613 0.025112
1 0.582747 0.332031 0.041373 0.025670
2 0.632923 0.363839 0.042254 0.032924
1 0.528169 0.384487 0.036972 0.030134
1 0.857394 0.396205 0.029930 0.020647
1 0.296655 0.444196 0.040493 0.025670
0 0.140845 0.486607 0.063380 0.011161
1 0.091549 0.486607 0.044014 0.034598
1 0.433099 0.510045 0.036972 0.029576
2 0.296655 0.509487 0.051056 0.032366
0 0.944542 0.531250 0.059859 0.010603
1 0.901408 0.531250 0.037852 0.032924
0 0.228873 0.549107 0.087148 0.010045
0 0.862676 0.550223 0.033451 0.013393
1 0.173415 0.549107 0.031690 0.021205
1 0.832747 0.550223 0.035211 0.023438
1 0.088908 0.570312 0.036972 0.029576
2 0.856514 0.574777 0.073944 0.038504
1 0.527289 0.581473 0.040493 0.026786
1 0.364437 0.589286 0.036972 0.029576
1 0.271127 0.607701 0.034331 0.030134
1 0.538732 0.648438 0.028169 0.020089
2 0.794014 0.656808 0.063380 0.037946
1 0.693662 0.678571 0.036092 0.032366
2 0.693662 0.707031 0.037852 0.025670
0 0.330986 0.717634 0.059859 0.010045
1 0.288732 0.717634 0.031690 0.022321
1 0.624120 0.727121 0.031690 0.022321
0 0.919014 0.771763 0.063380 0.011161
1 0.876761 0.771763 0.030810 0.020089
2 0.688380 0.799665 0.045775 0.043527
0 0.244718 0.818638 0.088028 0.012277
1 0.625000 0.812500 0.034331 0.031808
1 0.185739 0.818638 0.038732 0.033482
1 0.639085 0.835938 0.031690 0.021763
1 0.266725 0.847098 0.029930 0.020647
0 0.364437 0.868304 0.033451 0.011161
1 0.338028 0.868304 0.030810 0.020647
