0 0.205106 0.002232 0.065141 0.004464
1 0.160211 0.010603 0.032570 0.021205
1 0.975352 0.039621 0.039613 0.033482
1 0.840669 0.233259 0.028169 0.020089
1 0.516725 0.233817 0.031690 0.021205
0 0.478873 0.313616 0.058099 0.013393
1 0.437500 0.313616 0.031690 0.021763
1 0.521127 0.342076 0.030810 0.021205
2 0.459507 0.406250 0.030810 0.029018
0 0.841549 0.451451 0.088028 0.011161
1 0.781690 0.451451 0.040493 0.025670
1 0.262324 0.699777 0.028169 0.022321
0 0.352993 0.787946 0.091549 0.012277
1 0.295775 0.787946 0.030810 0.020647
