1 0.056338 0.026228 0.031690 0.022321
0 0.762324 0.030692 0.063380 0.013393
1 0.719190 0.031250 0.031690 0.021763
1 0.156690 0.041295 0.039613 0.025112
0 0.321303 0.071987 0.063380 0.013393
1 0.273768 0.071987 0.040493 0.025670
0 0.870599 0.102121 0.063380 0.014509
1 0.610035 0.104353 0.031690 0.021205
0 0.479754 0.109933 0.063380 0.011161
1 0.823944 0.102679 0.041373 0.034040
1 0.079225 0.110491 0.029049 0.020089
1 0.315141 0.110491 0.039613 0.025112
1 0.433979 0.109933 0.036972 0.029018
1 0.805458 0.124442 0.040493 0.025670
1 0.936620 0.155134 0.035211 0.022321
2 0.314261 0.156808 0.029930 0.024554
1 0.369718 0.161272 0.034331 0.030134
0 0.053697 0.173549 0.061620 0.013393
0 0.755282 0.179688 0.034331 0.009487
1 0.019366 0.174107 0.038732 0.025112
1 0.728873 0.179688 0.029049 0.020089
2 0.036972 0.203125 0.033451 0.031808
1 0.628521 0.220424 0.034331 0.030134
1 0.897887 0.231027 0.039613 0.025670
1 0.094190 0.245536 0.028169 0.020089
0 0.334507 0.264509 0.061620 0.011161
1 0.288732 0.264509 0.038732 0.033482
0 0.877641 0.276228 0.061620 0.012277
1 0.697183 0.273438 0.031690 0.022321
1 0.835387 0.275670 0.031690 0.022879
0 0.609155 0.316964 0.063380 0.012277
1 0.415493 0.317522 0.039613 0.025670
0 0.527289 0.354911 0.096831 0.014509
1 0.469190 0.354911 0.028169 0.020089
1 0.860915 0.358259 0.028169 0.020647
1 0.977113 0.352679 0.035211 0.032924
1 0.311620 0.420201 0.037852 0.029018
1 0.406690 0.443638 0.030810 0.020089
2 0.311620 0.444196 0.039613 0.030134
1 0.058979 0.454241 0.040493 0.026786
1 0.529930 0.485491 0.039613 0.033482
0 0.341549 0.539062 0.086268 0.010603
1 0.283451 0.539062 0.039613 0.025112
1 0.924296 0.559710 0.037852 0.032366
1 0.572183 0.563616 0.038732 0.025112
1 0.629401 0.560268 0.035211 0.032924
1 0.345070 0.580357 0.031690 0.021763
2 0.367958 0.589286 0.037852 0.031250
1 0.268486 0.606027 0.040493 0.025112
1 0.961268 0.624442 0.037852 0.029018
1 0.715669 0.635045 0.029930 0.020647
0 0.541373 0.642857 0.033451 0.009487
1 0.513204 0.642857 0.029930 0.021205
0 0.704225 0.677455 0.034331 0.009487
1 0.020246 0.672991 0.028169 0.020089
1 0.672535 0.677455 0.037852 0.029018
1 0.047535 0.708705 0.041373 0.025670
1 0.523768 0.731585 0.044014 0.034598
2 0.047535 0.752232 0.027289 0.025670
1 0.679577 0.755022 0.036092 0.032366
0 0.772887 0.797433 0.093310 0.013393
1 0.066021 0.793527 0.031690 0.021763
1 0.713028 0.796875 0.034331 0.031808
1 0.967430 0.811384 0.036972 0.023438
1 0.645247 0.824219 0.033451 0.022321
0 0.409331 0.835379 0.091549 0.012277
1 0.019366 0.842634 0.037852 0.032366
0 0.821303 0.857143 0.088028 0.012277
1 0.256162 0.853795 0.035211 0.023438
1 0.531690 0.853237 0.037852 0.032366
0 0.246479 0.863839 0.096831 0.014509
1 0.763204 0.857143 0.036972 0.032366
1 0.186620 0.863839 0.032570 0.022321
2 0.040493 0.879464 0.029049 0.027344
