1 0.213908 0.011161 0.031690 0.021763
1 0.633803 0.030134 0.031690 0.022321
0 0.829225 0.053013 0.034331 0.008929
1 0.911092 0.050223 0.028169 0.022321
1 0.799296 0.052455 0.032570 0.020647
1 0.280810 0.069754 0.031690 0.022321
0 0.098592 0.085379 0.065141 0.013393
2 0.308099 0.083147 0.047535 0.036830
1 0.050176 0.085379 0.038732 0.033482
2 0.080106 0.103237 0.044014 0.027902
1 0.963908 0.155692 0.040493 0.026786
0 0.274648 0.227121 0.091549 0.012277
1 0.803697 0.222098 0.036972 0.030134
1 0.220070 0.227121 0.026408 0.021205
1 0.903169 0.299665 0.037852 0.032366
0 0.095070 0.309710 0.065141 0.013393
1 0.315141 0.308036 0.032570 0.021205
2 0.468310 0.299107 0.048415 0.041853
1 0.049296 0.310268 0.034331 0.031808
0 0.592430 0.358817 0.063380 0.012277
1 0.551056 0.358817 0.028169 0.020089
0 0.498239 0.381138 0.065141 0.013393
1 0.962148 0.379464 0.036972 0.030692
2 0.575704 0.383929 0.061620 0.034598
2 0.031690 0.389509 0.037852 0.030134
1 0.145246 0.396205 0.031690 0.021763
1 0.338028 0.414621 0.032570 0.021205
2 0.422535 0.407366 0.044894 0.037946
0 0.230634 0.427455 0.091549 0.013393
1 0.169014 0.427455 0.040493 0.025670
2 0.364437 0.440848 0.027289 0.024554
0 0.060739 0.471540 0.063380 0.013393
1 0.021127 0.470982 0.041373 0.025112
0 0.278169 0.484375 0.061620 0.012277
1 0.617958 0.488839 0.039613 0.025112
2 0.253521 0.510603 0.032570 0.024554
2 0.119718 0.523438 0.035211 0.028460
0 0.124120 0.531808 0.033451 0.012277
1 0.097711 0.531808 0.028169 0.022321
1 0.909331 0.536272 0.035211 0.022321
0 0.490317 0.545759 0.059859 0.010603
1 0.444542 0.545759 0.040493 0.025112
1 0.862676 0.560268 0.036972 0.023438
1 0.632042 0.572545 0.031690 0.021205
0 0.285211 0.612723 0.066021 0.013393
1 0.238556 0.612723 0.036972 0.029018
1 0.610915 0.627232 0.029930 0.020647
0 0.801937 0.645089 0.063380 0.012277
1 0.760563 0.645089 0.029049 0.020089
0 0.502641 0.739955 0.093310 0.013393
1 0.688380 0.744420 0.029930 0.021205
1 0.440141 0.739955 0.040493 0.032366
1 0.581866 0.743304 0.036972 0.029576
0 0.112676 0.758371 0.056338 0.011161
1 0.073944 0.758371 0.029930 0.021205
0 0.338908 0.763951 0.093310 0.012277
0 0.939261 0.765625 0.091549 0.012277
1 0.281690 0.763951 0.029049 0.020089
1 0.882923 0.765625 0.029930 0.021205
1 0.573944 0.801897 0.030810 0.020089
1 0.257042 0.815290 0.036972 0.023438
1 0.665493 0.820312 0.040493 0.025670
0 0.380282 0.832031 0.066021 0.013393
1 0.336268 0.832031 0.030810 0.020089
1 0.676937 0.844308 0.031690 0.022321
0 0.826585 0.872768 0.065141 0.012277
2 0.695423 0.871094 0.046655 0.031250
1 0.779930 0.872768 0.037852 0.029018
