1 0.809859 0.030134 0.031690 0.022879
1 0.341549 0.037946 0.036972 0.029576
2 0.809859 0.085938 0.048415 0.027344
1 0.029930 0.103237 0.026408 0.021205
0 0.496479 0.178013 0.061620 0.014509
0 0.362676 0.183036 0.088028 0.010603
1 0.451585 0.178013 0.036972 0.023438
1 0.308099 0.183036 0.030810 0.020647
2 0.954225 0.214286 0.040493 0.031808
1 0.954225 0.231585 0.040493 0.032366
1 0.597711 0.234933 0.040493 0.025670
0 0.481514 0.243304 0.086268 0.010603
1 0.802817 0.236607 0.037852 0.029018
1 0.422535 0.242746 0.040493 0.032366
1 0.873239 0.289062 0.041373 0.034040
0 0.360035 0.311384 0.059859 0.010045
0 0.291373 0.316964 0.093310 0.012277
1 0.314261 0.311384 0.040493 0.025112
1 0.230634 0.316964 0.036972 0.030134
0 0.441021 0.333147 0.061620 0.013393
1 0.399648 0.333147 0.030810 0.020089
2 0.872359 0.341518 0.029930 0.023438
1 0.038732 0.361607 0.032570 0.021205
2 0.336268 0.354911 0.038732 0.036830
1 0.955986 0.387277 0.028169 0.022321
1 0.241197 0.389509 0.041373 0.034040
2 0.468310 0.407366 0.033451 0.022879
0 0.470951 0.418527 0.033451 0.013393
1 0.438380 0.418527 0.040493 0.025670
1 0.814261 0.445312 0.036972 0.023438
0 0.866197 0.534598 0.035211 0.011161
1 0.838908 0.534598 0.028169 0.020089
0 0.745599 0.557478 0.063380 0.013393
1 0.704225 0.557478 0.028169 0.020089
0 0.643486 0.567522 0.033451 0.008929
1 0.615317 0.566964 0.031690 0.022879
0 0.459507 0.574219 0.091549 0.012277
1 0.398768 0.573661 0.038732 0.025112
2 0.862676 0.574219 0.040493 0.032366
0 0.846831 0.598214 0.093310 0.012277
0 0.205106 0.601562 0.059859 0.012277
1 0.788732 0.598214 0.031690 0.021763
1 0.163732 0.601562 0.034331 0.030134
0 0.652289 0.613281 0.095070 0.014509
1 0.595070 0.613281 0.028169 0.022321
1 0.390845 0.624442 0.026408 0.021205
2 0.186620 0.619420 0.040493 0.036272
2 0.617958 0.667411 0.044894 0.035156
0 0.544014 0.711496 0.063380 0.013393
0 0.727993 0.711496 0.061620 0.013393
1 0.503521 0.711496 0.026408 0.021205
1 0.971831 0.705915 0.044014 0.034598
1 0.682218 0.712054 0.038732 0.025112
0 0.635563 0.779018 0.035211 0.012277
1 0.605634 0.779018 0.033451 0.022321
