0 0.389085 0.095424 0.063380 0.012277
1 0.340669 0.095424 0.042254 0.026786
1 0.602993 0.228795 0.040493 0.026786
2 0.635563 0.227121 0.057218 0.030134
0 0.447183 0.265067 0.063380 0.011161
1 0.404930 0.265625 0.029930 0.020647
1 0.248239 0.553571 0.030810 0.020647
1 0.079225 0.570312 0.040493 0.026786
0 0.640845 0.590402 0.034331 0.010603
1 0.612676 0.590402 0.032570 0.021763
0 0.611796 0.643973 0.063380 0.012277
1 0.569542 0.643973 0.029930 0.021205
0 0.767606 0.767857 0.085387 0.009487
1 0.713908 0.767857 0.029930 0.020647
1 0.248239 0.867188 0.029930 0.020647
