1 0.161092 0.038504 0.029930 0.021205
1 0.800176 0.045759 0.033451 0.021205
0 0.956866 0.053571 0.033451 0.010045
1 0.925176 0.053571 0.038732 0.025112
1 0.105634 0.050223 0.039613 0.033482
0 0.764085 0.064732 0.088028 0.010603
1 0.354754 0.060268 0.031690 0.022321
1 0.705986 0.064732 0.037852 0.032924
1 0.693662 0.084263 0.037852 0.032366
0 0.875000 0.122768 0.033451 0.012277
1 0.848592 0.122768 0.028169 0.020647
0 0.647887 0.132254 0.063380 0.013393
0 0.393486 0.135045 0.063380 0.012277
1 0.348592 0.135045 0.037852 0.032366
1 0.584507 0.200893 0.039613 0.033482
1 0.741197 0.204799 0.041373 0.025670
0 0.121479 0.305246 0.063380 0.011161
1 0.080106 0.305246 0.028169 0.022321
0 0.283451 0.360491 0.085387 0.010603
0 0.617958 0.375558 0.063380 0.013393
1 0.573944 0.375558 0.033451 0.022321
1 0.018486 0.372768 0.036972 0.029576
1 0.092430 0.386161 0.028169 0.020647
1 0.705986 0.405134 0.029930 0.020647
0 0.672535 0.431362 0.061620 0.014509
1 0.477113 0.426339 0.037852 0.029018
1 0.628521 0.431362 0.036092 0.032366
1 0.202465 0.441964 0.039613 0.025112
1 0.647887 0.481027 0.041373 0.025112
0 0.882042 0.512277 0.089789 0.014509
1 0.052817 0.507812 0.037852 0.032924
1 0.823944 0.512277 0.037852 0.029018
0 0.604753 0.547433 0.063380 0.013393
0 0.294014 0.555246 0.093310 0.012277
1 0.236796 0.555246 0.028169 0.022321
1 0.466549 0.563616 0.040493 0.032366
0 0.063380 0.618304 0.058979 0.009487
1 0.019366 0.618304 0.036972 0.029576
1 0.579225 0.623884 0.034331 0.030134
0 0.712148 0.635603 0.033451 0.013393
1 0.685739 0.635603 0.028169 0.020089
1 0.406690 0.636719 0.037852 0.032366
1 0.520247 0.648438 0.028169 0.022321
1 0.742958 0.658482 0.032570 0.021205
1 0.482394 0.662946 0.037852 0.032924
1 0.014965 0.685268 0.029930 0.020647
0 0.908451 0.728795 0.056338 0.012277
1 0.120599 0.719866 0.036972 0.030692
1 0.870599 0.728795 0.028169 0.020089
1 0.495599 0.768415 0.040493 0.032366
0 0.945423 0.797991 0.087148 0.011161
1 0.891725 0.797991 0.028169 0.020089
