0 0.337148 0.099888 0.093310 0.014509
1 0.279049 0.099888 0.031690 0.022321
0 0.466549 0.160714 0.058979 0.010045
0 0.133803 0.160714 0.085387 0.010603
1 0.423415 0.160714 0.036972 0.029576
1 0.076585 0.160714 0.036972 0.029576
0 0.279930 0.207031 0.061620 0.012277
1 0.237676 0.207589 0.030810 0.020647
0 0.973592 0.287388 0.052817 0.014509
1 0.150528 0.281250 0.035211 0.032924
1 0.936620 0.287388 0.028169 0.020089
1 0.647887 0.333147 0.032570 0.021205
1 0.151408 0.341518 0.028169 0.020089
0 0.746479 0.353237 0.089789 0.012277
1 0.685739 0.353237 0.040493 0.025670
2 0.647887 0.359375 0.042254 0.023996
2 0.718310 0.396205 0.027289 0.026228
0 0.829225 0.501116 0.061620 0.013393
1 0.785211 0.501116 0.035211 0.023438
1 0.532570 0.546875 0.029930 0.020647
0 0.316901 0.578125 0.033451 0.013393
0 0.420775 0.580357 0.063380 0.013393
1 0.285211 0.578125 0.038732 0.026786
1 0.522887 0.582031 0.028169 0.020089
1 0.375000 0.580357 0.036972 0.029576
1 0.193662 0.631696 0.030810 0.021205
0 0.712148 0.740513 0.093310 0.013393
1 0.656690 0.740513 0.029049 0.020089
1 0.923415 0.763393 0.029930 0.021205
0 0.348592 0.770089 0.065141 0.013393
1 0.302817 0.770089 0.036092 0.032366
