1 0.375000 0.138393 0.032570 0.021205
1 0.529930 0.295759 0.032570 0.020647
0 0.387324 0.302455 0.061620 0.012277
1 0.340669 0.302455 0.040493 0.025670
0 0.810739 0.354911 0.059859 0.012277
1 0.769366 0.354911 0.031690 0.021763
2 0.529930 0.351562 0.041373 0.039621
2 0.794894 0.400670 0.029930 0.024554
1 0.078345 0.535156 0.040493 0.025670
1 0.034331 0.603237 0.028169 0.022321
2 0.035211 0.640625 0.037852 0.030692
0 0.832747 0.820871 0.061620 0.013393
0 0.785211 0.825893 0.087148 0.010045
1 0.790493 0.820871 0.031690 0.021205
1 0.725352 0.825893 0.039613 0.025670
