0 0.931338 0.016741 0.066901 0.013393
1 0.885563 0.016741 0.034331 0.030134
1 0.810739 0.034598 0.044014 0.034598
0 0.057218 0.060826 0.035211 0.010045
1 0.024648 0.060826 0.039613 0.025670
1 0.315141 0.098214 0.029930 0.020647
0 0.669894 0.103795 0.088028 0.010603
1 0.610035 0.103795 0.040493 0.025670
1 0.500880 0.112165 0.042254 0.024554
0 0.808099 0.122768 0.065141 0.012277
1 0.759683 0.122768 0.040493 0.026786
0 0.116197 0.146205 0.033451 0.012277
1 0.088028 0.146205 0.031690 0.022321
0 0.808099 0.177455 0.063380 0.011161
1 0.762324 0.177455 0.037852 0.032924
0 0.438380 0.223772 0.063380 0.012277
1 0.563380 0.224330 0.034331 0.030134
1 0.392606 0.223772 0.037852 0.032366
0 0.982394 0.233817 0.034331 0.013393
1 0.954225 0.233817 0.030810 0.020089
0 0.382042 0.266741 0.061620 0.013393
1 0.023768 0.258929 0.038732 0.033482
1 0.337148 0.266741 0.036972 0.029576
1 0.758803 0.296317 0.030810 0.020089
1 0.485915 0.300223 0.037852 0.032924
0 0.929577 0.312500 0.088028 0.011161
1 0.875000 0.312500 0.029049 0.020089
1 0.679577 0.327009 0.037852 0.032366
1 0.957747 0.357701 0.032570 0.022321
1 0.874120 0.361607 0.028169 0.022321
0 0.639085 0.385603 0.061620 0.013393
1 0.598592 0.385603 0.028169 0.020089
1 0.418134 0.411830 0.031690 0.022879
1 0.533451 0.414062 0.041373 0.025670
1 0.962148 0.428571 0.031690 0.022879
1 0.258803 0.445312 0.029930 0.020647
0 0.764085 0.455357 0.063380 0.012277
1 0.721831 0.455357 0.029930 0.021205
1 0.811620 0.485491 0.030810 0.020647
1 0.088028 0.516741 0.030810 0.020647
1 0.344190 0.528460 0.036972 0.032366
1 0.853873 0.547991 0.029930 0.020647
1 0.970951 0.617188 0.040493 0.025670
1 0.038732 0.615513 0.037852 0.032366
0 0.234155 0.648996 0.065141 0.013393
1 0.919894 0.646205 0.042254 0.024554
1 0.187500 0.649554 0.035211 0.032924
0 0.336268 0.675223 0.093310 0.013393
0 0.860035 0.678571 0.035211 0.012277
1 0.274648 0.675223 0.041373 0.025670
1 0.830986 0.678571 0.031690 0.021205
0 0.238556 0.696429 0.061620 0.013393
1 0.197183 0.696429 0.029930 0.021205
0 0.423415 0.709821 0.059859 0.009487
1 0.376761 0.710379 0.042254 0.024554
0 0.064261 0.740513 0.091549 0.012277
1 0.018486 0.740513 0.036972 0.023438
0 0.498239 0.753906 0.034331 0.008929
1 0.470070 0.753906 0.030810 0.021205
1 0.907570 0.756696 0.029930 0.021205
1 0.132923 0.777344 0.040493 0.025670
1 0.366197 0.787388 0.032570 0.021205
1 0.036092 0.790737 0.042254 0.026786
1 0.738556 0.821429 0.040493 0.026786
1 0.461268 0.836496 0.036092 0.032366
0 0.205106 0.863839 0.058099 0.010045
1 0.014085 0.868862 0.028169 0.022321
1 0.161092 0.863839 0.038732 0.033482
