0 0.458627 0.004464 0.065141 0.008929
1 0.414613 0.011161 0.031690 0.021763
0 0.970951 0.053571 0.031690 0.009487
1 0.941021 0.053571 0.036972 0.030692
1 0.691901 0.069754 0.028169 0.022321
0 0.814261 0.106027 0.056338 0.011161
1 0.683099 0.118304 0.037852 0.032366
1 0.205986 0.136719 0.036972 0.030134
2 0.683099 0.170759 0.062500 0.032924
0 0.967430 0.207031 0.065141 0.013393
1 0.924296 0.207589 0.032570 0.021763
2 0.205986 0.210938 0.023768 0.019531
2 0.047535 0.228795 0.044894 0.028460
0 0.886444 0.245536 0.059859 0.010603
1 0.840669 0.244978 0.040493 0.025670
0 0.379401 0.262277 0.061620 0.014509
1 0.336268 0.262277 0.033451 0.022321
2 0.947183 0.265067 0.054577 0.036830
0 0.860915 0.303013 0.065141 0.012277
1 0.816901 0.302455 0.032570 0.020647
1 0.132923 0.323103 0.029930 0.021205
2 0.694542 0.347098 0.035211 0.022321
1 0.036972 0.397879 0.029049 0.020089
0 0.427817 0.407366 0.056338 0.011161
1 0.388204 0.407366 0.031690 0.022321
1 0.302817 0.415179 0.040493 0.025670
0 0.975352 0.468192 0.049296 0.011161
1 0.935739 0.468750 0.036972 0.029576
0 0.669014 0.532366 0.088028 0.011161
1 0.610915 0.532366 0.039613 0.025112
1 0.698063 0.546875 0.042254 0.026786
0 0.278169 0.563058 0.063380 0.012277
1 0.063380 0.607143 0.034331 0.031808
1 0.352113 0.618304 0.038732 0.025112
1 0.471831 0.618862 0.042254 0.026786
0 0.562500 0.632812 0.088028 0.012277
1 0.509683 0.632812 0.026408 0.021205
1 0.021127 0.639509 0.042254 0.026786
0 0.264085 0.659040 0.061620 0.013393
1 0.220070 0.659040 0.037852 0.029018
2 0.697183 0.668527 0.041373 0.036272
1 0.670775 0.675781 0.036092 0.032366
0 0.872359 0.696429 0.061620 0.013393
1 0.825704 0.696429 0.041373 0.025112
1 0.090669 0.698661 0.031690 0.021763
0 0.979753 0.719308 0.040493 0.013393
1 0.948944 0.719308 0.029930 0.021205
0 0.429577 0.729911 0.091549 0.012277
1 0.367958 0.729911 0.040493 0.032366
1 0.330986 0.744978 0.040493 0.025670
0 0.927817 0.792969 0.061620 0.013393
1 0.882923 0.792411 0.036972 0.029576
1 0.193662 0.805804 0.028169 0.020647
0 0.293134 0.809710 0.096831 0.014509
0 0.879401 0.817522 0.033451 0.012277
0 0.438380 0.818638 0.065141 0.012277
1 0.851232 0.817522 0.031690 0.022321
1 0.394366 0.818638 0.032570 0.021205
0 0.118838 0.827009 0.063380 0.014509
2 0.420775 0.823661 0.029049 0.025670
1 0.072183 0.827009 0.041373 0.025670
0 0.826585 0.847098 0.061620 0.011161
1 0.779049 0.847098 0.042254 0.024554
1 0.359155 0.843750 0.034331 0.031808
2 0.852113 0.859375 0.066901 0.035156
1 0.050176 0.882812 0.028169 0.022321
1 0.852113 0.883929 0.039613 0.033482
