1 0.065141 0.016183 0.040493 0.032366
1 0.249120 0.032366 0.029930 0.020647
1 0.915493 0.058594 0.038732 0.026786
0 0.704225 0.093750 0.031690 0.013393
1 0.679577 0.093750 0.026408 0.021205
2 0.702465 0.135603 0.042254 0.025670
1 0.903169 0.151228 0.032570 0.021205
1 0.805458 0.156250 0.040493 0.025112
1 0.690141 0.171875 0.030810 0.020647
1 0.975352 0.185268 0.030810 0.020647
1 0.415493 0.184152 0.036972 0.029576
0 0.315141 0.194196 0.035211 0.010045
1 0.281690 0.194196 0.040493 0.025670
2 0.969190 0.205915 0.061620 0.041295
1 0.385563 0.226004 0.036972 0.029018
1 0.252641 0.236607 0.036972 0.030692
2 0.806338 0.246652 0.039613 0.037388
1 0.466549 0.255580 0.037852 0.032366
0 0.618838 0.269531 0.093310 0.013393
2 0.385563 0.269531 0.051937 0.031250
1 0.557218 0.269531 0.038732 0.033482
1 0.737676 0.299665 0.037852 0.029018
1 0.408451 0.314174 0.036972 0.023438
1 0.250000 0.314732 0.041373 0.025112
1 0.915493 0.360491 0.028169 0.020647
2 0.408451 0.360491 0.043134 0.033482
1 0.141725 0.381696 0.031690 0.021205
1 0.200704 0.422991 0.028169 0.020089
1 0.457746 0.417969 0.034331 0.030134
0 0.628521 0.536272 0.063380 0.011161
1 0.582747 0.536272 0.036972 0.032366
0 0.980634 0.549107 0.038732 0.009487
1 0.949824 0.549665 0.029930 0.021205
1 0.718310 0.574777 0.041373 0.025670
0 0.863556 0.589844 0.058099 0.010045
1 0.372359 0.584821 0.038732 0.025112
0 0.785211 0.597098 0.087148 0.010045
1 0.727113 0.597098 0.036972 0.032366
1 0.941901 0.609933 0.031690 0.022321
1 0.352113 0.617188 0.041373 0.025670
1 0.573063 0.638393 0.036972 0.029576
1 0.852113 0.665179 0.037852 0.029018
0 0.529049 0.689732 0.058099 0.010603
0 0.322183 0.694754 0.063380 0.011161
1 0.487676 0.690290 0.031690 0.022321
1 0.281690 0.694754 0.026408 0.021205
1 0.684859 0.701451 0.037852 0.029018
0 0.300176 0.742188 0.033451 0.011161
1 0.269366 0.742188 0.036972 0.023438
2 0.349472 0.752790 0.051056 0.037946
2 0.974472 0.773996 0.051056 0.042411
0 0.985915 0.794643 0.028169 0.010603
1 0.957747 0.794085 0.036972 0.029018
0 0.253521 0.821987 0.033451 0.011161
1 0.221831 0.821987 0.037852 0.032366
2 0.957747 0.857143 0.062500 0.035156
