1 0.734155 0.055804 0.032570 0.021763
1 0.734155 0.112165 0.028169 0.020089
1 0.299296 0.117746 0.029930 0.021205
0 0.573944 0.132812 0.034331 0.010603
1 0.545775 0.133371 0.029930 0.021205
1 0.468310 0.141183 0.039613 0.033482
1 0.102993 0.152344 0.029930 0.021205
0 0.573944 0.200893 0.085387 0.009487
1 0.520247 0.200893 0.029930 0.021205
1 0.676056 0.203683 0.044014 0.034598
0 0.309859 0.233259 0.033451 0.009487
1 0.592430 0.234933 0.029930 0.021205
1 0.167254 0.233259 0.038732 0.025112
1 0.279049 0.233259 0.036972 0.029018
1 0.739437 0.237723 0.028169 0.022321
1 0.034331 0.254464 0.042254 0.026786
0 0.237676 0.290737 0.095070 0.012277
1 0.175176 0.290737 0.036972 0.029018
1 0.049296 0.308036 0.030810 0.020647
0 0.779049 0.332589 0.091549 0.012277
1 0.719190 0.332589 0.036972 0.032366
1 0.027289 0.375558 0.036972 0.023438
1 0.262324 0.391741 0.028169 0.022321
1 0.695423 0.394531 0.029930 0.021205
0 0.831866 0.426897 0.095070 0.012277
1 0.771127 0.426339 0.034331 0.031808
0 0.237676 0.463170 0.034331 0.010603
1 0.207746 0.462612 0.033451 0.022321
1 0.094190 0.505580 0.028169 0.022321
0 0.968310 0.516183 0.063380 0.012277
0 0.491197 0.561384 0.058979 0.009487
1 0.450704 0.561384 0.030810 0.020647
1 0.896127 0.576451 0.042254 0.026786
0 0.203345 0.596540 0.061620 0.012277
1 0.161972 0.595982 0.029930 0.020647
1 0.694542 0.607143 0.029930 0.020647
0 0.882923 0.621652 0.096831 0.014509
1 0.822183 0.621652 0.034331 0.031808
0 0.462148 0.638951 0.061620 0.014509
1 0.420775 0.638951 0.030810 0.020089
0 0.087148 0.661272 0.061620 0.012277
1 0.045775 0.661830 0.029930 0.020647
1 0.633803 0.696429 0.030810 0.020647
0 0.828345 0.704241 0.058099 0.010603
1 0.788732 0.704241 0.029930 0.021205
1 0.391725 0.712054 0.028169 0.020089
0 0.268486 0.806362 0.063380 0.013393
1 0.226232 0.806920 0.029930 0.020647
1 0.375000 0.868862 0.037852 0.029018
