2 0.970070 0.051897 0.040493 0.033482
1 0.359155 0.063616 0.026408 0.021205
0 0.978873 0.083705 0.042254 0.010603
1 0.947183 0.083147 0.030810 0.020089
1 0.367077 0.196429 0.038732 0.033482
1 0.421655 0.243862 0.040493 0.025670
0 0.386444 0.337054 0.061620 0.014509
1 0.345951 0.337054 0.028169 0.020089
0 0.802817 0.380580 0.034331 0.008929
1 0.839789 0.376674 0.042254 0.026786
1 0.769366 0.380580 0.041373 0.025112
2 0.795775 0.394531 0.025528 0.024554
2 0.839789 0.398438 0.052817 0.033482
1 0.179577 0.563616 0.041373 0.034040
1 0.689261 0.686384 0.035211 0.022321
2 0.690141 0.726004 0.051937 0.034598
1 0.383803 0.763393 0.040493 0.025670
