1 0.707747 0.045759 0.044014 0.034598
1 0.611796 0.080915 0.038732 0.033482
1 0.467430 0.113839 0.036972 0.023438
1 0.422535 0.166295 0.041373 0.034040
0 0.496479 0.229911 0.058979 0.010045
1 0.015845 0.224330 0.031690 0.021205
1 0.450704 0.229911 0.038732 0.025112
2 0.027289 0.244978 0.054577 0.042411
2 0.481514 0.262277 0.035211 0.026228
0 0.384683 0.272879 0.061620 0.013393
0 0.220951 0.275670 0.061620 0.013393
1 0.338028 0.272321 0.039613 0.025112
1 0.178697 0.275670 0.031690 0.021763
0 0.889085 0.291295 0.063380 0.011161
1 0.846831 0.291295 0.029930 0.021205
1 0.426056 0.289621 0.036972 0.032366
1 0.808099 0.330915 0.038732 0.026786
1 0.416373 0.344866 0.029930 0.021205
1 0.351232 0.376116 0.042254 0.026786
2 0.808099 0.381138 0.039613 0.034598
0 0.945423 0.403460 0.087148 0.010045
1 0.888204 0.404018 0.035211 0.032924
2 0.914613 0.417411 0.056338 0.041853
1 0.864437 0.507254 0.041373 0.025670
0 0.169014 0.520089 0.059859 0.010603
1 0.127641 0.520647 0.031690 0.022321
0 0.253521 0.526228 0.093310 0.013393
1 0.037852 0.527902 0.026408 0.021205
1 0.897007 0.532366 0.029930 0.021205
1 0.191901 0.526228 0.039613 0.033482
0 0.501761 0.566964 0.093310 0.013393
1 0.441901 0.566964 0.034331 0.030134
2 0.810739 0.574219 0.065141 0.045759
0 0.980634 0.610491 0.038732 0.010603
0 0.597711 0.613839 0.061620 0.013393
1 0.555458 0.613839 0.031690 0.021205
1 0.947183 0.610491 0.036972 0.029576
2 0.573944 0.618304 0.038732 0.029018
0 0.441901 0.676339 0.085387 0.009487
1 0.386444 0.675781 0.031690 0.021205
1 0.580986 0.696987 0.040493 0.025670
0 0.051937 0.753348 0.059859 0.010603
1 0.014085 0.752790 0.028169 0.020089
