0 0.666373 0.035714 0.088028 0.012835
1 0.607394 0.035714 0.039613 0.025670
0 0.419014 0.056920 0.091549 0.012277
1 0.362676 0.056920 0.029930 0.020647
1 0.301056 0.087054 0.030810 0.020647
0 0.791373 0.099330 0.088028 0.012835
1 0.891725 0.099888 0.040493 0.032366
1 0.732394 0.099888 0.039613 0.033482
0 0.738556 0.125000 0.091549 0.012277
0 0.975352 0.127232 0.049296 0.012277
0 0.036092 0.128906 0.035211 0.010045
1 0.014085 0.128906 0.028169 0.020089
1 0.689261 0.123884 0.040493 0.032366
1 0.938380 0.127232 0.034331 0.031808
1 0.482394 0.167411 0.036972 0.032366
1 0.256162 0.192522 0.028169 0.020089
1 0.666373 0.212612 0.033451 0.021205
2 0.695423 0.208705 0.037852 0.033482
1 0.792253 0.229911 0.030810 0.020647
1 0.945423 0.235491 0.029049 0.020089
1 0.865317 0.238839 0.042254 0.024554
1 0.209507 0.252232 0.029930 0.020647
1 0.526408 0.273438 0.032570 0.020647
1 0.617077 0.279018 0.042254 0.026786
2 0.730634 0.274554 0.044894 0.039621
1 0.072183 0.315290 0.035211 0.022321
1 0.347711 0.321987 0.035211 0.022321
1 0.849472 0.324219 0.036972 0.032366
1 0.797535 0.349888 0.040493 0.025670
0 0.445423 0.358817 0.087148 0.010045
1 0.390845 0.358259 0.030810 0.020647
1 0.519366 0.354911 0.037852 0.032924
0 0.392606 0.392299 0.065141 0.013393
1 0.343310 0.391741 0.041373 0.025112
1 0.735915 0.395647 0.026408 0.021205
0 0.932218 0.415179 0.063380 0.011161
1 0.890845 0.415179 0.030810 0.020647
1 0.295775 0.442522 0.037852 0.032366
1 0.088908 0.448661 0.026408 0.021205
1 0.746479 0.473214 0.035211 0.032924
1 0.648768 0.482143 0.031690 0.022321
1 0.382042 0.482701 0.044014 0.034598
1 0.479754 0.494978 0.029930 0.021205
1 0.243838 0.517299 0.031690 0.022321
2 0.088908 0.515625 0.042254 0.031808
1 0.457746 0.570312 0.026408 0.021205
0 0.397887 0.617188 0.061620 0.012277
0 0.542253 0.627232 0.085387 0.010603
1 0.353873 0.617188 0.037852 0.032924
1 0.026408 0.625000 0.028169 0.020089
1 0.484155 0.627232 0.037852 0.032924
1 0.905810 0.666295 0.042254 0.026786
0 0.600352 0.679129 0.063380 0.012277
0 0.672535 0.680804 0.036092 0.010045
1 0.551937 0.679129 0.042254 0.026786
1 0.346831 0.679688 0.037852 0.032366
1 0.640845 0.680804 0.036092 0.032366
2 0.906690 0.687500 0.036092 0.024554
0 0.435739 0.698103 0.033451 0.012277
2 0.106514 0.699219 0.051056 0.039062
2 0.297535 0.705915 0.073063 0.037946
1 0.084507 0.711496 0.039613 0.033482
0 0.334507 0.724888 0.093310 0.013393
1 0.484155 0.738839 0.037852 0.032924
0 0.278169 0.788504 0.033451 0.011161
1 0.250000 0.788504 0.031690 0.021205
1 0.389965 0.794643 0.036972 0.030134
2 0.413732 0.802455 0.041373 0.031250
0 0.772887 0.816406 0.087148 0.011161
1 0.110915 0.811384 0.036972 0.032366
1 0.683099 0.849330 0.032570 0.022321
0 0.765845 0.855469 0.033451 0.012277
1 0.735035 0.856027 0.036972 0.029576
2 0.132042 0.861607 0.039613 0.025112
2 0.410211 0.893415 0.046655 0.032366
1 0.515845 0.899554 0.030810 0.020089
