1 0.808979 0.014509 0.036972 0.029018
0 0.381162 0.032366 0.089789 0.012277
1 0.597711 0.027344 0.035211 0.023438
1 0.322183 0.032366 0.037852 0.032924
1 0.682218 0.060268 0.028169 0.020089
0 0.966549 0.080357 0.058099 0.010045
0 0.351232 0.082031 0.058099 0.010045
0 0.206866 0.080915 0.061620 0.014509
1 0.164613 0.080915 0.031690 0.022321
1 0.920775 0.080357 0.042254 0.024554
1 0.312500 0.082031 0.028169 0.022321
0 0.606514 0.111607 0.065141 0.013393
1 0.563380 0.111607 0.029930 0.021205
0 0.535211 0.143415 0.063380 0.013393
1 0.486796 0.143415 0.040493 0.026786
1 0.686620 0.148438 0.028169 0.020089
0 0.297535 0.172433 0.091549 0.012277
1 0.237676 0.172991 0.036972 0.029576
1 0.853873 0.179688 0.037852 0.032366
0 0.380282 0.205357 0.063380 0.014509
1 0.338028 0.205357 0.029930 0.021205
1 0.090669 0.210938 0.029930 0.020647
1 0.573944 0.220424 0.037852 0.029018
2 0.090669 0.234375 0.038732 0.032366
1 0.735035 0.262277 0.042254 0.026786
2 0.199824 0.267857 0.058099 0.042969
1 0.872359 0.281808 0.031690 0.022321
1 0.981514 0.280134 0.036972 0.029018
1 0.173415 0.294643 0.036972 0.030692
1 0.639965 0.301897 0.040493 0.025670
0 0.964789 0.311384 0.069542 0.011161
1 0.916373 0.311384 0.035211 0.032924
0 0.040493 0.340402 0.059859 0.009487
1 0.760563 0.331473 0.036972 0.032366
0 0.154930 0.344866 0.061620 0.011161
2 0.944542 0.343192 0.028169 0.026786
1 0.017606 0.340960 0.035211 0.032366
1 0.107394 0.344866 0.042254 0.024554
1 0.561620 0.356027 0.038732 0.033482
2 0.139965 0.366071 0.036972 0.020647
0 0.816901 0.387277 0.063380 0.012277
0 0.325704 0.390625 0.087148 0.011161
1 0.769366 0.387277 0.040493 0.025670
1 0.267606 0.390625 0.037852 0.032924
1 0.952465 0.406250 0.031690 0.022321
2 0.795775 0.415179 0.058979 0.044085
0 0.647007 0.432478 0.091549 0.014509
1 0.585387 0.432478 0.040493 0.025670
0 0.772007 0.454799 0.091549 0.013393
0 0.981514 0.459263 0.036972 0.013393
1 0.950704 0.459263 0.032570 0.021205
1 0.712148 0.454799 0.036972 0.032366
0 0.933099 0.470424 0.061620 0.014509
1 0.886444 0.469866 0.040493 0.025112
1 0.855634 0.476562 0.028169 0.020647
2 0.736796 0.473772 0.047535 0.039062
2 0.464789 0.496094 0.044894 0.036830
0 0.042254 0.513393 0.031690 0.013393
1 0.015845 0.513393 0.031690 0.022321
1 0.086268 0.525670 0.030810 0.020647
0 0.316901 0.553571 0.058979 0.009487
1 0.697183 0.546317 0.042254 0.024554
1 0.276408 0.553571 0.032570 0.020647
1 0.033451 0.564732 0.041373 0.025112
2 0.697183 0.596540 0.032570 0.029018
0 0.241197 0.623884 0.087148 0.010045
1 0.184859 0.623884 0.031690 0.022879
0 0.867958 0.646205 0.088028 0.011161
1 0.814261 0.646205 0.026408 0.021205
0 0.931338 0.662388 0.065141 0.013393
1 0.881162 0.662388 0.044014 0.034598
0 0.104754 0.675223 0.033451 0.010045
0 0.570423 0.684710 0.061620 0.012277
1 0.073944 0.675223 0.036972 0.032366
1 0.528169 0.684152 0.029930 0.020647
0 0.751761 0.695312 0.034331 0.010603
0 0.659331 0.699219 0.061620 0.014509
1 0.617958 0.698661 0.030810 0.020647
1 0.721831 0.695312 0.034331 0.031808
1 0.960387 0.722656 0.031690 0.022321
0 0.126761 0.742746 0.091549 0.012277
0 0.876761 0.750000 0.063380 0.013393
1 0.066901 0.742188 0.036972 0.029576
1 0.830986 0.750000 0.036972 0.029018
1 0.367958 0.767857 0.034331 0.031808
1 0.783451 0.787946 0.040493 0.025670
0 0.867958 0.797991 0.061620 0.012277
0 0.666373 0.801897 0.095070 0.012277
1 0.827465 0.797991 0.028169 0.020089
1 0.602993 0.801897 0.040493 0.025670
1 0.702465 0.840402 0.030810 0.020647
0 0.373239 0.864955 0.060739 0.009487
1 0.326585 0.864955 0.040493 0.025670
0 0.117958 0.880580 0.058979 0.009487
1 0.076585 0.880022 0.029930 0.021205
1 0.750880 0.881696 0.028169 0.020647
