1 0.359155 0.032924 0.029930 0.021205
1 0.090669 0.031808 0.042254 0.024554
1 0.257042 0.062500 0.036972 0.029576
1 0.741197 0.072545 0.032570 0.020647
1 0.137324 0.076451 0.033451 0.021205
1 0.642606 0.078125 0.030810 0.020647
2 0.257042 0.081473 0.039613 0.029576
1 0.207746 0.092634 0.037852 0.029018
1 0.025528 0.154018 0.031690 0.022879
1 0.301937 0.195312 0.028169 0.022321
1 0.088028 0.195312 0.037852 0.029018
1 0.637324 0.224330 0.030810 0.020089
1 0.132042 0.233817 0.038732 0.033482
1 0.544014 0.254464 0.029930 0.021205
1 0.757042 0.286272 0.032570 0.021205
2 0.044894 0.294643 0.054577 0.034598
1 0.044894 0.319196 0.036972 0.029576
1 0.299296 0.329799 0.035211 0.022321
0 0.122359 0.335938 0.061620 0.012277
1 0.792253 0.331473 0.036972 0.029018
1 0.077465 0.335938 0.036972 0.029576
1 0.604753 0.371652 0.031690 0.022321
0 0.757042 0.431920 0.059859 0.010603
1 0.717430 0.431920 0.028169 0.020647
1 0.626761 0.485491 0.033451 0.022321
1 0.323063 0.517857 0.038732 0.033482
1 0.448944 0.539621 0.035211 0.023438
2 0.470070 0.556920 0.030810 0.024554
0 0.614437 0.563616 0.063380 0.012277
1 0.044894 0.610491 0.042254 0.026786
1 0.821303 0.616071 0.036972 0.029576
2 0.155810 0.635045 0.031690 0.025112
2 0.045775 0.675781 0.044894 0.040179
1 0.019366 0.690848 0.038732 0.026786
1 0.468310 0.688058 0.037852 0.032366
2 0.468310 0.714286 0.075704 0.036830
2 0.034331 0.727679 0.042254 0.031808
0 0.952465 0.740513 0.093310 0.013393
1 0.889965 0.740513 0.040493 0.025670
1 0.117958 0.765067 0.031690 0.022321
1 0.336268 0.768415 0.040493 0.025670
1 0.964789 0.789621 0.030810 0.021205
1 0.889965 0.788504 0.036972 0.032366
1 0.431338 0.809152 0.034331 0.031808
1 0.621479 0.825335 0.028169 0.022321
1 0.141725 0.854911 0.029930 0.021205
0 0.112676 0.864397 0.061620 0.013393
1 0.066901 0.863839 0.039613 0.025112
1 0.626761 0.903460 0.033451 0.022321
