1 0.580106 0.167411 0.031690 0.022321
0 0.380282 0.261719 0.084507 0.011161
1 0.327465 0.261161 0.029930 0.020647
2 0.353873 0.358259 0.053697 0.041853
0 0.750880 0.377232 0.035211 0.013393
1 0.721831 0.377232 0.031690 0.021205
0 0.554577 0.390625 0.033451 0.013393
1 0.526408 0.390625 0.030810 0.020089
0 0.462148 0.551897 0.084507 0.011161
1 0.404930 0.551339 0.038732 0.025112
1 0.163732 0.646205 0.032570 0.020647
1 0.471831 0.659040 0.037852 0.032366
2 0.163732 0.686384 0.036972 0.028460
1 0.484155 0.694754 0.030810 0.020089
1 0.309859 0.719866 0.030810 0.020647
2 0.484155 0.732701 0.025528 0.024554
0 0.697183 0.824219 0.035211 0.012277
1 0.669894 0.824219 0.028169 0.020089
