1 0.694542 0.012277 0.042254 0.024554
1 0.531690 0.041295 0.037852 0.029018
0 0.900528 0.050781 0.096831 0.014509
2 0.694542 0.054688 0.022887 0.018415
1 0.836268 0.050781 0.040493 0.032366
0 0.438380 0.087612 0.093310 0.013393
1 0.382042 0.087612 0.028169 0.020089
2 0.855634 0.108259 0.041373 0.026228
1 0.535211 0.111049 0.034331 0.030134
0 0.761444 0.128348 0.063380 0.011161
2 0.633803 0.159598 0.055458 0.035156
0 0.857394 0.275670 0.058099 0.013393
1 0.360915 0.272879 0.037852 0.029018
1 0.815141 0.275670 0.034331 0.031808
1 0.739437 0.294643 0.030810 0.020647
0 0.883803 0.377790 0.065141 0.012277
1 0.839789 0.377232 0.031690 0.022879
0 0.411092 0.385045 0.093310 0.012277
1 0.350352 0.385045 0.037852 0.029018
1 0.426056 0.395089 0.041373 0.034040
1 0.036972 0.407366 0.029930 0.020647
0 0.895247 0.429688 0.033451 0.008929
1 0.864437 0.429688 0.036972 0.029018
1 0.250880 0.498326 0.038732 0.026786
0 0.977993 0.509487 0.044014 0.012277
1 0.946303 0.509487 0.028169 0.020089
1 0.042254 0.527902 0.036972 0.029576
2 0.963908 0.530692 0.035211 0.033482
1 0.353873 0.549107 0.032570 0.020647
1 0.697183 0.574219 0.037852 0.032366
1 0.588028 0.579241 0.041373 0.034040
1 0.242958 0.585938 0.030810 0.020647
1 0.739437 0.586496 0.036972 0.032366
1 0.188380 0.610491 0.032570 0.021205
1 0.148768 0.618862 0.028169 0.022321
2 0.860035 0.635045 0.044014 0.037946
1 0.304577 0.645089 0.037852 0.032924
0 0.284331 0.656808 0.061620 0.012277
1 0.244718 0.656808 0.029049 0.020089
1 0.059859 0.665737 0.040493 0.025670
1 0.353873 0.708705 0.035211 0.023438
1 0.639085 0.720982 0.034331 0.031808
1 0.096831 0.737723 0.038732 0.025112
1 0.021127 0.768973 0.029930 0.020647
0 0.963028 0.777344 0.063380 0.013393
1 0.917253 0.777902 0.037852 0.032924
1 0.419014 0.787388 0.036972 0.029018
1 0.757042 0.818080 0.041373 0.025112
0 0.953345 0.837612 0.061620 0.012277
1 0.910211 0.837612 0.033451 0.021205
0 0.467430 0.850446 0.033451 0.012277
0 0.650528 0.853237 0.058099 0.013393
1 0.363556 0.849330 0.031690 0.022321
1 0.440141 0.850446 0.032570 0.022321
1 0.610915 0.852679 0.030810 0.020647
1 0.638204 0.890625 0.028169 0.020089
2 0.463028 0.901786 0.058099 0.042969
