0 0.790493 0.005580 0.091549 0.010603
1 0.912852 0.010045 0.028169 0.020089
1 0.728873 0.016183 0.040493 0.032366
0 0.427817 0.022879 0.035211 0.012277
1 0.397007 0.022879 0.035211 0.022321
1 0.038732 0.024554 0.042254 0.024554
1 0.248239 0.035714 0.037852 0.029018
1 0.130282 0.041295 0.032570 0.020647
0 0.331866 0.081473 0.063380 0.013393
1 0.290493 0.081473 0.030810 0.020647
1 0.578345 0.121652 0.026408 0.021205
1 0.096831 0.133371 0.031690 0.022321
0 0.491197 0.152902 0.059859 0.009487
1 0.448944 0.152902 0.032570 0.020647
1 0.355634 0.210938 0.037852 0.032366
2 0.920775 0.254464 0.040493 0.036272
1 0.031690 0.258929 0.036092 0.032366
1 0.644366 0.299107 0.028169 0.022321
0 0.448944 0.321429 0.061620 0.012277
1 0.404930 0.321429 0.035211 0.023438
1 0.892606 0.331473 0.030810 0.020089
1 0.568662 0.352679 0.031690 0.022321
1 0.353873 0.360491 0.040493 0.025670
1 0.484155 0.377790 0.037852 0.029018
1 0.196303 0.392299 0.035211 0.023438
1 0.618838 0.400112 0.036972 0.032366
0 0.868838 0.414621 0.063380 0.013393
1 0.821303 0.414062 0.040493 0.025112
1 0.906690 0.429688 0.038732 0.025112
1 0.504401 0.499442 0.040493 0.025670
1 0.860915 0.552455 0.032570 0.021205
1 0.470070 0.612723 0.030810 0.021205
0 0.102113 0.650670 0.063380 0.013393
1 0.691901 0.690848 0.031690 0.022879
1 0.279930 0.753906 0.040493 0.025670
1 0.712148 0.804688 0.035211 0.032924
0 0.056338 0.823661 0.058099 0.010045
1 0.015845 0.823661 0.031690 0.021205
0 0.669894 0.849888 0.091549 0.013393
1 0.612676 0.849888 0.032570 0.021205
0 0.515845 0.853795 0.088028 0.012835
0 0.080986 0.861607 0.034331 0.010603
1 0.457746 0.853795 0.036972 0.029576
1 0.049296 0.861607 0.036972 0.030692
0 0.461268 0.875000 0.093310 0.012277
1 0.399648 0.875000 0.038732 0.025112
2 0.639085 0.877232 0.058099 0.040737
