1 0.533451 0.014509 0.037852 0.029018
1 0.661092 0.026786 0.038732 0.033482
0 0.985915 0.063058 0.027289 0.010045
1 0.354754 0.056362 0.036972 0.023438
1 0.961268 0.062500 0.030810 0.020647
1 0.757042 0.064732 0.033451 0.022321
0 0.223592 0.070871 0.061620 0.013393
1 0.181338 0.070871 0.032570 0.021205
0 0.172535 0.080357 0.088028 0.010603
1 0.852993 0.077567 0.031690 0.021205
1 0.114437 0.079799 0.039613 0.033482
1 0.968310 0.141183 0.030810 0.021205
0 0.534331 0.152344 0.063380 0.011161
1 0.488556 0.151786 0.036972 0.029576
1 0.962148 0.210379 0.036972 0.030134
2 0.040493 0.244420 0.062500 0.035156
1 0.209507 0.255022 0.032570 0.022321
0 0.594190 0.270089 0.059859 0.011161
1 0.553697 0.270089 0.029930 0.021205
0 0.816021 0.286830 0.063380 0.012277
1 0.769366 0.286830 0.041373 0.034040
1 0.217430 0.303571 0.036972 0.023438
2 0.038732 0.327009 0.044894 0.036830
0 0.540493 0.345982 0.060739 0.010603
1 0.495599 0.345982 0.036972 0.029576
1 0.463028 0.344866 0.037852 0.032366
1 0.146127 0.353237 0.032570 0.021205
0 0.349472 0.359933 0.063380 0.013393
1 0.302817 0.359933 0.041373 0.025670
1 0.341549 0.426897 0.029930 0.021205
1 0.679577 0.470982 0.029930 0.020647
1 0.295775 0.524554 0.032570 0.021205
1 0.951585 0.547433 0.042254 0.024554
1 0.036972 0.563616 0.037852 0.032366
0 0.916373 0.600446 0.033451 0.012277
1 0.174296 0.604353 0.036972 0.023438
1 0.539613 0.651786 0.035211 0.022321
1 0.043134 0.653460 0.040493 0.025670
2 0.426056 0.665179 0.059859 0.029018
1 0.401408 0.681920 0.028169 0.022321
2 0.044014 0.684152 0.034331 0.027344
1 0.449824 0.763393 0.029930 0.020647
1 0.235915 0.770089 0.036972 0.023438
0 0.353873 0.808594 0.036092 0.010045
1 0.319542 0.809152 0.040493 0.025112
1 0.750000 0.815848 0.029930 0.020647
2 0.235915 0.814732 0.066021 0.046317
1 0.790493 0.836496 0.030810 0.021205
2 0.750000 0.843750 0.066901 0.032924
1 0.645247 0.852679 0.038732 0.026786
0 0.370599 0.866071 0.063380 0.013393
1 0.327465 0.866071 0.034331 0.030134
2 0.887324 0.871652 0.056338 0.043527
