0 0.372359 0.020647 0.033451 0.011161
1 0.762324 0.016741 0.039613 0.025112
1 0.341549 0.021205 0.036972 0.029576
1 0.580986 0.035714 0.032570 0.020647
0 0.815141 0.065848 0.033451 0.012277
1 0.683979 0.063616 0.040493 0.025670
1 0.786972 0.065848 0.032570 0.020647
1 0.362676 0.061384 0.034331 0.031808
0 0.078345 0.101562 0.095070 0.012277
1 0.021127 0.101562 0.028169 0.020089
1 0.727113 0.140625 0.038732 0.025112
1 0.529930 0.183036 0.028169 0.022321
0 0.105634 0.195312 0.066901 0.013393
1 0.058099 0.195312 0.036972 0.029576
1 0.177817 0.207589 0.031690 0.022321
1 0.257923 0.263393 0.038732 0.026786
0 0.154930 0.272879 0.087148 0.010045
1 0.099472 0.272321 0.031690 0.021763
0 0.059859 0.308036 0.088028 0.012835
1 0.140845 0.302455 0.039613 0.025670
1 0.673415 0.334263 0.031690 0.021205
1 0.209507 0.335938 0.032570 0.020647
2 0.633803 0.328125 0.050176 0.036830
0 0.639085 0.357143 0.035211 0.011161
1 0.095070 0.359375 0.028169 0.020089
1 0.605634 0.357143 0.040493 0.025670
1 0.253521 0.399554 0.041373 0.025112
0 0.581866 0.414621 0.063380 0.013393
0 0.712148 0.416295 0.093310 0.013393
1 0.538732 0.414621 0.032570 0.022321
1 0.862676 0.417969 0.032570 0.021205
1 0.041373 0.445312 0.029930 0.021205
1 0.920775 0.557478 0.026408 0.021205
0 0.041373 0.596540 0.065141 0.013393
1 0.354754 0.590402 0.040493 0.026786
0 0.672535 0.598214 0.065141 0.013393
1 0.021127 0.595982 0.041373 0.034040
1 0.193662 0.601562 0.042254 0.024554
1 0.625000 0.598214 0.038732 0.033482
1 0.761444 0.608259 0.036972 0.023438
0 0.268486 0.627232 0.033451 0.008929
1 0.595951 0.619978 0.040493 0.032366
1 0.237676 0.627232 0.036972 0.032366
0 0.169014 0.661272 0.065141 0.013393
1 0.120599 0.661272 0.040493 0.025670
2 0.262324 0.659040 0.045775 0.033482
2 0.596831 0.664062 0.053697 0.028460
0 0.905810 0.678013 0.059859 0.012277
0 0.066901 0.679129 0.091549 0.012277
1 0.864437 0.677455 0.032570 0.020647
0 0.492958 0.693080 0.033451 0.012277
1 0.460387 0.693080 0.040493 0.025112
1 0.626761 0.708705 0.036972 0.029576
0 0.977113 0.760045 0.045775 0.012277
1 0.773768 0.800223 0.044014 0.034598
2 0.190141 0.821429 0.044014 0.034040
0 0.205986 0.848214 0.058979 0.010045
1 0.304577 0.843750 0.029049 0.020089
1 0.159331 0.848214 0.042254 0.024554
0 0.977113 0.871652 0.044894 0.014509
1 0.939261 0.871652 0.040493 0.025670
1 0.660211 0.876116 0.028169 0.020089
