0 0.885563 0.044085 0.089789 0.013393
1 0.824824 0.044085 0.040493 0.025670
0 0.385563 0.091518 0.086268 0.010603
1 0.575704 0.090960 0.030810 0.020089
1 0.328345 0.091518 0.036972 0.023438
0 0.493838 0.146763 0.066901 0.011161
1 0.448944 0.146763 0.031690 0.022321
1 0.900528 0.165737 0.028169 0.020089
0 0.771127 0.214286 0.088028 0.010603
1 0.716549 0.214844 0.029930 0.021205
0 0.530810 0.239397 0.033451 0.011161
1 0.500000 0.239397 0.036972 0.023438
1 0.599472 0.261161 0.040493 0.025670
0 0.484155 0.270089 0.058979 0.009487
1 0.438380 0.270089 0.041373 0.025112
1 0.862676 0.273996 0.035211 0.022321
0 0.203345 0.327009 0.033451 0.013393
1 0.173415 0.327009 0.035211 0.022321
0 0.460387 0.334821 0.089789 0.012277
1 0.335387 0.332589 0.035211 0.022321
1 0.083627 0.328125 0.036972 0.032366
1 0.404930 0.334821 0.030810 0.021205
0 0.610915 0.349330 0.059859 0.010045
1 0.510563 0.348214 0.040493 0.025670
1 0.567782 0.349330 0.035211 0.032924
1 0.740317 0.359375 0.038732 0.025112
1 0.271127 0.368304 0.039613 0.025112
1 0.072183 0.407366 0.037852 0.032366
1 0.741197 0.487723 0.031690 0.022321
0 0.594190 0.512835 0.059859 0.011161
0 0.888204 0.521763 0.089789 0.014509
1 0.549296 0.512835 0.039613 0.033482
1 0.830986 0.521205 0.034331 0.031808
1 0.686620 0.543527 0.032570 0.020647
0 0.894366 0.608817 0.063380 0.012277
1 0.846831 0.609375 0.039613 0.025112
0 0.072183 0.618304 0.061620 0.013393
1 0.032570 0.618304 0.026408 0.021205
1 0.680458 0.665179 0.036972 0.023438
0 0.616197 0.722098 0.061620 0.013393
1 0.575704 0.722098 0.026408 0.021205
1 0.417254 0.724330 0.038732 0.033482
1 0.750000 0.735491 0.032570 0.021763
0 0.982394 0.746094 0.034331 0.010045
1 0.954225 0.746094 0.031690 0.022321
0 0.328345 0.817522 0.063380 0.013393
1 0.278169 0.817522 0.044014 0.034598
0 0.076585 0.837612 0.066901 0.011161
1 0.030810 0.837612 0.033451 0.021205
0 0.316021 0.861607 0.033451 0.010045
1 0.286092 0.861607 0.035211 0.032924
