1 0.732394 0.020089 0.041373 0.025112
0 0.654930 0.038504 0.058979 0.010045
1 0.616197 0.038504 0.028169 0.022321
1 0.870599 0.049107 0.028169 0.020089
0 0.108275 0.087612 0.065141 0.013393
1 0.149648 0.085938 0.032570 0.020647
0 0.371479 0.114955 0.085387 0.009487
0 0.551056 0.117188 0.058979 0.009487
2 0.336268 0.108817 0.033451 0.026786
1 0.313380 0.114397 0.041373 0.025670
1 0.509683 0.117188 0.029930 0.021205
2 0.732394 0.118304 0.034331 0.025112
0 0.046655 0.162946 0.063380 0.012277
1 0.014085 0.162946 0.028169 0.020089
0 0.404930 0.184710 0.089789 0.014509
0 0.194542 0.190290 0.033451 0.010045
1 0.348592 0.184710 0.032570 0.022321
1 0.167254 0.189732 0.029930 0.020647
2 0.029930 0.207589 0.027289 0.021763
1 0.360915 0.238839 0.039613 0.025112
0 0.219190 0.255580 0.088028 0.012835
1 0.165493 0.256138 0.028169 0.020089
1 0.608275 0.261719 0.036972 0.023438
1 0.952465 0.264509 0.038732 0.033482
1 0.703345 0.270089 0.035211 0.032924
2 0.360915 0.287946 0.037852 0.023996
1 0.857394 0.294085 0.032570 0.022321
1 0.052817 0.297991 0.040493 0.025670
0 0.964789 0.311942 0.063380 0.013393
1 0.922535 0.311384 0.030810 0.020647
2 0.191021 0.321429 0.036972 0.025112
2 0.941901 0.329241 0.031690 0.030692
1 0.302817 0.338170 0.037852 0.032366
0 0.429577 0.351004 0.033451 0.012277
1 0.977113 0.354911 0.032570 0.020647
1 0.397887 0.351004 0.039613 0.033482
1 0.623239 0.359375 0.032570 0.021763
1 0.858275 0.368304 0.036972 0.029576
1 0.504401 0.401228 0.029930 0.021205
1 0.600352 0.411830 0.038732 0.026786
1 0.356514 0.428013 0.040493 0.025670
2 0.977113 0.426897 0.031690 0.029018
2 0.505282 0.425223 0.064261 0.040737
2 0.600352 0.437500 0.031690 0.023996
1 0.376761 0.458705 0.029930 0.020647
1 0.304577 0.486049 0.032570 0.021205
1 0.427817 0.517299 0.036972 0.023438
1 0.185739 0.526786 0.036972 0.029576
0 0.580986 0.566406 0.065141 0.013393
1 0.532570 0.566406 0.040493 0.026786
0 0.939261 0.575335 0.059859 0.011161
1 0.893486 0.575335 0.040493 0.025670
1 0.786972 0.627790 0.036972 0.030134
1 0.014965 0.646205 0.029930 0.021205
0 0.825704 0.665179 0.085387 0.011161
2 0.035211 0.657366 0.039613 0.029576
0 0.301056 0.693080 0.059859 0.009487
1 0.255282 0.693080 0.041373 0.025112
1 0.853873 0.729911 0.030810 0.020647
0 0.662852 0.753906 0.061620 0.013393
1 0.622359 0.753906 0.028169 0.022321
2 0.049296 0.764509 0.069542 0.034040
1 0.022887 0.772879 0.031690 0.022321
1 0.817782 0.782924 0.040493 0.026786
0 0.976232 0.791853 0.035211 0.011161
1 0.404930 0.787946 0.032570 0.021205
1 0.948944 0.791853 0.028169 0.022321
1 0.887324 0.791295 0.037852 0.032924
0 0.319542 0.801897 0.033451 0.011161
1 0.286972 0.801897 0.040493 0.025670
1 0.203345 0.838728 0.026408 0.021205
2 0.312500 0.838728 0.040493 0.030134
