0 0.308979 0.002232 0.033451 0.003906
1 0.276408 0.012277 0.041373 0.024554
0 0.272007 0.054688 0.058099 0.010603
1 0.228873 0.054688 0.036972 0.023438
0 0.792253 0.079241 0.093310 0.012277
1 0.728873 0.079241 0.040493 0.025670
0 0.982394 0.118862 0.035211 0.012277
1 0.954225 0.119420 0.032570 0.020647
1 0.631162 0.120536 0.036972 0.030134
0 0.126761 0.138393 0.086268 0.010603
1 0.066901 0.138951 0.042254 0.024554
2 0.096831 0.162946 0.034331 0.027344
1 0.460387 0.178013 0.035211 0.023438
0 0.215669 0.188058 0.063380 0.013393
1 0.169014 0.188616 0.039613 0.025112
1 0.526408 0.194196 0.038732 0.033482
1 0.739437 0.233259 0.038732 0.033482
0 0.341549 0.249442 0.087148 0.011161
1 0.285211 0.248884 0.031690 0.022879
2 0.647007 0.240513 0.084507 0.041295
2 0.739437 0.294085 0.034331 0.025670
1 0.845070 0.322545 0.036972 0.029576
0 0.361796 0.337612 0.088028 0.011161
1 0.191901 0.334821 0.028169 0.020647
0 0.654049 0.343750 0.065141 0.012277
1 0.303697 0.337054 0.036972 0.030692
1 0.607394 0.343750 0.037852 0.029018
0 0.078345 0.362165 0.091549 0.013393
1 0.362676 0.356585 0.037852 0.032366
1 0.020246 0.362165 0.033451 0.021205
1 0.372359 0.451451 0.026408 0.021205
1 0.817782 0.461496 0.028169 0.020089
0 0.156690 0.539062 0.058979 0.010045
1 0.112676 0.539062 0.038732 0.026786
0 0.781690 0.554688 0.091549 0.012277
2 0.742958 0.563616 0.057218 0.044643
1 0.843310 0.664062 0.039613 0.025112
0 0.055458 0.676339 0.065141 0.012277
1 0.018486 0.676339 0.036972 0.029576
2 0.701585 0.754464 0.031690 0.020089
1 0.679577 0.756696 0.034331 0.031808
1 0.366197 0.860491 0.031690 0.022321
