1 0.746479 0.026228 0.029930 0.021205
1 0.914613 0.034598 0.036972 0.029576
1 0.044894 0.049107 0.035211 0.032924
1 0.802817 0.088170 0.028169 0.020089
1 0.095070 0.117188 0.039613 0.033482
0 0.477113 0.131696 0.033451 0.013393
0 0.384683 0.136719 0.061620 0.012277
1 0.446303 0.131696 0.036972 0.029576
1 0.338028 0.136719 0.040493 0.025670
1 0.676056 0.157366 0.030810 0.020647
2 0.362676 0.180804 0.029049 0.027344
1 0.021127 0.210379 0.037852 0.029018
1 0.369718 0.210938 0.036972 0.029576
1 0.257042 0.219866 0.032570 0.020647
1 0.533451 0.248884 0.040493 0.025112
0 0.139965 0.266741 0.063380 0.011161
1 0.094190 0.266741 0.036972 0.023438
1 0.149648 0.294643 0.034331 0.030134
0 0.280810 0.319754 0.061620 0.012277
1 0.234155 0.319754 0.040493 0.025670
0 0.658451 0.348772 0.088028 0.011161
1 0.467430 0.347098 0.031690 0.021763
1 0.598592 0.348772 0.040493 0.032366
0 0.366197 0.371652 0.033451 0.013393
1 0.531690 0.363839 0.034331 0.030134
1 0.338028 0.371652 0.030810 0.020647
0 0.471831 0.380022 0.063380 0.014509
1 0.296655 0.380022 0.035211 0.022321
0 0.220070 0.385603 0.063380 0.014509
1 0.734155 0.383371 0.042254 0.024554
1 0.427817 0.380022 0.036092 0.032366
1 0.174296 0.386161 0.036972 0.029576
2 0.447183 0.413504 0.030810 0.021205
0 0.663732 0.422433 0.063380 0.012277
1 0.617077 0.422433 0.038732 0.033482
1 0.799296 0.460379 0.026408 0.021205
1 0.561620 0.463728 0.029049 0.020089
1 0.722711 0.477679 0.031690 0.021205
1 0.295775 0.487723 0.037852 0.032366
0 0.818662 0.498326 0.063380 0.012277
0 0.973592 0.511719 0.051937 0.014509
1 0.933099 0.512277 0.041373 0.034040
0 0.138204 0.528460 0.063380 0.013393
1 0.091549 0.528460 0.039613 0.025670
1 0.523768 0.530692 0.036972 0.023438
0 0.663732 0.574777 0.061620 0.014509
1 0.619718 0.574777 0.036092 0.032366
0 0.277289 0.588170 0.063380 0.013393
1 0.234155 0.588170 0.032570 0.020647
0 0.876761 0.592634 0.063380 0.013393
1 0.834507 0.592634 0.028169 0.020089
1 0.573063 0.598214 0.029930 0.021205
1 0.979753 0.612165 0.031690 0.022321
0 0.400528 0.632812 0.061620 0.013393
1 0.359155 0.632812 0.030810 0.020089
1 0.538732 0.645089 0.037852 0.032366
1 0.803697 0.655134 0.028169 0.020089
0 0.642606 0.699777 0.063380 0.013393
1 0.598592 0.699777 0.032570 0.021763
0 0.115317 0.707031 0.091549 0.014509
2 0.380282 0.705357 0.025528 0.020647
1 0.059859 0.707031 0.028169 0.022321
1 0.371479 0.788504 0.029049 0.020089
2 0.081866 0.790737 0.036972 0.025670
1 0.313380 0.814732 0.032570 0.021763
0 0.533451 0.906808 0.035211 0.012277
1 0.506162 0.907366 0.028169 0.020647
