1 0.713028 0.184710 0.040493 0.025670
0 0.764085 0.327009 0.065141 0.013393
1 0.721831 0.327009 0.030810 0.020089
0 0.977993 0.374442 0.044014 0.013393
2 0.742958 0.373884 0.020246 0.016183
1 0.941021 0.374442 0.038732 0.033482
1 0.917253 0.397321 0.032570 0.020647
0 0.807218 0.419085 0.029930 0.012277
0 0.762324 0.420201 0.066901 0.011161
1 0.779930 0.419085 0.032570 0.021205
1 0.717430 0.420201 0.031690 0.022321
2 0.917253 0.422991 0.034331 0.032924
0 0.589789 0.512277 0.060739 0.010603
1 0.548415 0.512277 0.029930 0.020647
1 0.092430 0.525112 0.026408 0.021205
0 0.797535 0.531250 0.035211 0.012277
1 0.769366 0.531250 0.029930 0.021205
2 0.092430 0.564732 0.044014 0.034598
2 0.852113 0.597098 0.060739 0.038504
0 0.507042 0.684152 0.060739 0.009487
1 0.459507 0.684710 0.042254 0.024554
