0 0.974472 0.039062 0.051056 0.013393
1 0.366197 0.036830 0.030810 0.020647
1 0.932218 0.039062 0.042254 0.024554
0 0.494718 0.047433 0.063380 0.013393
1 0.447183 0.046875 0.041373 0.025112
1 0.209507 0.064732 0.038732 0.025112
1 0.136444 0.078125 0.029930 0.021205
2 0.209507 0.079241 0.024648 0.019531
0 0.057218 0.088170 0.066901 0.013393
1 0.015845 0.088170 0.031690 0.021205
0 0.263204 0.104911 0.033451 0.012277
2 0.136444 0.103795 0.058099 0.027902
1 0.234155 0.104911 0.036092 0.032366
2 0.962148 0.112723 0.038732 0.030692
1 0.573944 0.146205 0.030810 0.021205
0 0.080986 0.191406 0.091549 0.012277
1 0.022887 0.191964 0.032570 0.020647
0 0.502641 0.232143 0.063380 0.012277
1 0.456866 0.232143 0.036972 0.030134
1 0.190141 0.247768 0.039613 0.033482
2 0.480634 0.264509 0.026408 0.023438
1 0.806338 0.382254 0.028169 0.020089
2 0.806338 0.476562 0.032570 0.024554
0 0.655810 0.506696 0.061620 0.012277
1 0.609155 0.506696 0.041373 0.034040
2 0.630282 0.546317 0.029049 0.027902
1 0.253521 0.561942 0.030810 0.021205
1 0.148768 0.563058 0.029930 0.021205
1 0.692782 0.570312 0.040493 0.025670
0 0.969190 0.593192 0.061620 0.013393
1 0.926937 0.592634 0.031690 0.022879
1 0.849472 0.595424 0.040493 0.025670
2 0.797535 0.602121 0.039613 0.027902
2 0.849472 0.623884 0.038732 0.034598
0 0.764965 0.662388 0.065141 0.013393
1 0.720070 0.661830 0.032570 0.020647
1 0.528169 0.679129 0.028169 0.020089
0 0.660211 0.689732 0.063380 0.013393
0 0.103873 0.699777 0.058979 0.009487
1 0.616197 0.689732 0.034331 0.031808
1 0.354754 0.698661 0.036972 0.023438
1 0.058099 0.699777 0.041373 0.034040
1 0.917253 0.734375 0.029049 0.020089
2 0.355634 0.758371 0.062500 0.037946
0 0.115317 0.773996 0.063380 0.013393
2 0.255282 0.770089 0.033451 0.026786
1 0.074824 0.773996 0.026408 0.021205
0 0.942782 0.784598 0.063380 0.011161
1 0.901408 0.784598 0.030810 0.021205
1 0.026408 0.791295 0.037852 0.029018
1 0.859155 0.804688 0.041373 0.034040
1 0.213028 0.825893 0.029930 0.020647
0 0.397007 0.842076 0.089789 0.014509
1 0.338028 0.842634 0.036972 0.029576
1 0.470070 0.854353 0.042254 0.026786
