0 0.628521 0.016741 0.089789 0.012277
1 0.570423 0.016741 0.037852 0.032924
1 0.444542 0.027902 0.035211 0.023438
0 0.790493 0.036830 0.059859 0.012277
1 0.750000 0.036830 0.032570 0.021763
2 0.475352 0.061384 0.039613 0.029576
0 0.975352 0.071987 0.035211 0.010045
0 0.348592 0.075335 0.091549 0.012277
1 0.941901 0.071987 0.040493 0.025670
1 0.088028 0.078125 0.029930 0.020647
1 0.286092 0.075335 0.042254 0.026786
2 0.772007 0.077009 0.052817 0.033482
1 0.580986 0.104911 0.040493 0.025670
0 0.978873 0.117746 0.042254 0.012277
1 0.947183 0.117746 0.030810 0.020089
2 0.965669 0.146763 0.033451 0.024554
1 0.916373 0.161272 0.042254 0.026786
0 0.068662 0.233817 0.063380 0.012277
1 0.022887 0.234375 0.036972 0.029576
2 0.047535 0.267857 0.054577 0.040737
0 0.709507 0.325335 0.087148 0.010045
1 0.650528 0.325893 0.038732 0.025112
1 0.903169 0.346540 0.033451 0.021205
1 0.129401 0.362165 0.044014 0.034598
1 0.027289 0.370536 0.029930 0.020647
1 0.193662 0.371652 0.030810 0.020647
1 0.297535 0.422991 0.039613 0.025112
2 0.797535 0.494420 0.046655 0.039062
1 0.025528 0.512277 0.036972 0.030692
0 0.971831 0.523438 0.055458 0.010603
0 0.812500 0.530692 0.059859 0.010045
1 0.772887 0.530692 0.030810 0.020089
0 0.862676 0.565848 0.036092 0.010045
1 0.827465 0.565848 0.041373 0.034040
1 0.076585 0.592634 0.031690 0.022321
2 0.051056 0.617188 0.067782 0.035156
0 0.152289 0.653460 0.035211 0.012277
1 0.123239 0.653460 0.032570 0.021205
0 0.825704 0.674665 0.061620 0.011161
0 0.676937 0.675781 0.095070 0.012277
1 0.617958 0.675781 0.032570 0.021205
1 0.779930 0.674665 0.039613 0.025670
1 0.450704 0.683036 0.031690 0.022321
0 0.921655 0.700893 0.029930 0.012277
1 0.892606 0.700893 0.036972 0.023438
0 0.716549 0.750000 0.063380 0.013393
2 0.964789 0.737165 0.044014 0.039062
2 0.364437 0.738839 0.062500 0.039621
0 0.977113 0.755580 0.044894 0.012277
1 0.668134 0.750000 0.042254 0.026786
1 0.940141 0.755580 0.039613 0.025112
0 0.368838 0.761719 0.033451 0.012277
0 0.286972 0.763393 0.063380 0.013393
1 0.241197 0.763393 0.039613 0.025670
1 0.048415 0.775670 0.036972 0.030692
0 0.929577 0.790179 0.059859 0.009487
2 0.908451 0.785714 0.038732 0.030692
1 0.885563 0.789621 0.037852 0.032366
0 0.160211 0.815848 0.063380 0.013393
1 0.231514 0.812500 0.031690 0.021763
1 0.113556 0.815848 0.038732 0.025112
1 0.079225 0.820871 0.028169 0.020089
1 0.508803 0.843750 0.042254 0.026786
2 0.757042 0.849330 0.062500 0.035156
2 0.231514 0.856027 0.051056 0.032366
0 0.652289 0.890625 0.063380 0.012277
1 0.605634 0.890625 0.038732 0.025112
