0 0.652289 0.021205 0.091549 0.013393
1 0.362676 0.029018 0.030810 0.020647
0 0.158451 0.083705 0.063380 0.011161
1 0.203345 0.083147 0.040493 0.025670
1 0.110915 0.083705 0.040493 0.026786
1 0.028169 0.126674 0.039613 0.033482
1 0.195423 0.132812 0.038732 0.025112
1 0.516725 0.180804 0.036972 0.023438
1 0.097711 0.207589 0.035211 0.032924
0 0.811620 0.261719 0.033451 0.010045
1 0.781690 0.261161 0.034331 0.031808
0 0.200704 0.285714 0.034331 0.009487
2 0.097711 0.279018 0.042254 0.028460
0 0.164613 0.290179 0.088028 0.010603
1 0.059859 0.284040 0.040493 0.025670
1 0.514085 0.289621 0.029930 0.021205
1 0.169014 0.285714 0.035211 0.032924
1 0.105634 0.290179 0.037852 0.032366
0 0.765845 0.311384 0.058099 0.010603
1 0.720951 0.310826 0.040493 0.032366
0 0.374120 0.324777 0.058099 0.013393
0 0.441021 0.332589 0.056338 0.011161
1 0.330986 0.324777 0.036972 0.029018
1 0.608275 0.329241 0.040493 0.025670
1 0.397887 0.332589 0.038732 0.026786
0 0.275528 0.352121 0.058099 0.013393
1 0.230634 0.352121 0.039613 0.025670
2 0.609155 0.369420 0.027289 0.025112
1 0.859155 0.382812 0.037852 0.029018
1 0.302817 0.428571 0.039613 0.025112
0 0.760563 0.460379 0.063380 0.012277
1 0.718310 0.459821 0.030810 0.020647
0 0.161972 0.466518 0.063380 0.013393
1 0.117958 0.466518 0.033451 0.021205
0 0.264085 0.474330 0.035211 0.012277
1 0.230634 0.474330 0.040493 0.025670
2 0.302817 0.482143 0.037852 0.031250
0 0.811620 0.501116 0.061620 0.013393
1 0.764965 0.501116 0.040493 0.025670
2 0.790493 0.521763 0.059859 0.037946
0 0.275528 0.554688 0.056338 0.011161
1 0.237676 0.554688 0.028169 0.020089
1 0.487676 0.553013 0.036092 0.032366
1 0.088908 0.561942 0.026408 0.021205
1 0.535211 0.564732 0.032570 0.022321
1 0.403169 0.571429 0.036972 0.029576
1 0.153169 0.571987 0.039613 0.033482
1 0.852113 0.580915 0.030810 0.020089
0 0.259683 0.588170 0.033451 0.012277
1 0.232394 0.588170 0.029049 0.020089
2 0.650528 0.602679 0.040493 0.031808
0 0.972711 0.641183 0.033451 0.013393
2 0.251761 0.630022 0.053697 0.042411
0 0.329225 0.649554 0.060739 0.009487
1 0.940141 0.641183 0.041373 0.025670
1 0.282570 0.648996 0.040493 0.032366
1 0.503521 0.737723 0.039613 0.025670
1 0.959507 0.781250 0.029049 0.020089
2 0.703345 0.780134 0.056338 0.031808
1 0.412852 0.810268 0.028169 0.020647
0 0.886444 0.819196 0.088028 0.011161
0 0.757923 0.827009 0.031690 0.009487
1 0.828345 0.819196 0.036972 0.029576
1 0.727113 0.827009 0.039613 0.025112
0 0.718310 0.849330 0.085387 0.010603
1 0.663732 0.849330 0.032570 0.020647
2 0.686620 0.879464 0.038732 0.029018
