1 0.473592 0.012277 0.038732 0.024554
0 0.700704 0.043527 0.061620 0.013393
1 0.658451 0.043527 0.032570 0.021205
1 0.393486 0.154018 0.040493 0.025112
1 0.955106 0.162388 0.035211 0.023438
1 0.360915 0.256138 0.040493 0.025670
1 0.393486 0.279018 0.040493 0.026786
1 0.608275 0.297433 0.028169 0.020089
0 0.492077 0.321429 0.033451 0.012277
0 0.811620 0.354353 0.033451 0.012277
1 0.781690 0.353795 0.035211 0.032924
0 0.690141 0.373884 0.087148 0.010045
1 0.869718 0.369420 0.031690 0.022879
1 0.635563 0.373884 0.028169 0.020089
1 0.927817 0.382254 0.037852 0.029018
1 0.705986 0.396205 0.032570 0.020647
1 0.470951 0.408482 0.029930 0.020647
0 0.610915 0.422991 0.063380 0.011161
1 0.566901 0.422991 0.034331 0.030134
1 0.274648 0.462054 0.029930 0.020647
1 0.210387 0.480469 0.038732 0.033482
1 0.855634 0.531808 0.039613 0.025670
1 0.262324 0.551339 0.040493 0.025112
0 0.322183 0.586496 0.033451 0.013393
1 0.291373 0.586496 0.036972 0.032366
1 0.718310 0.606585 0.037852 0.029018
1 0.934859 0.631696 0.040493 0.025670
1 0.741197 0.638393 0.032570 0.021763
1 0.853873 0.646205 0.039613 0.025670
0 0.284331 0.660714 0.091549 0.013393
1 0.421655 0.664062 0.031690 0.021763
1 0.227113 0.660714 0.034331 0.030134
1 0.677817 0.674107 0.029930 0.020647
1 0.161092 0.672991 0.040493 0.025112
1 0.531690 0.691964 0.039613 0.033482
1 0.041373 0.705357 0.028169 0.020089
1 0.147007 0.823661 0.035211 0.032924
0 0.104754 0.840960 0.033451 0.012277
1 0.078345 0.840960 0.028169 0.020089
1 0.671655 0.842634 0.042254 0.026786
1 0.593310 0.851562 0.030810 0.020647
