1 0.465669 0.011161 0.035211 0.022321
0 0.117958 0.064732 0.058979 0.009487
1 0.073063 0.064732 0.036972 0.032366
0 0.911092 0.107143 0.059859 0.012277
1 0.865317 0.107143 0.040493 0.025670
1 0.423415 0.143973 0.031690 0.021205
0 0.937500 0.166295 0.063380 0.012277
1 0.896127 0.166295 0.028169 0.020089
1 0.588908 0.166853 0.028169 0.022321
1 0.742077 0.226562 0.028169 0.020089
0 0.351232 0.241629 0.091549 0.013393
0 0.496479 0.243304 0.058099 0.013393
1 0.294014 0.241071 0.031690 0.022879
1 0.452465 0.243304 0.036972 0.023438
0 0.167254 0.257812 0.089789 0.011161
2 0.742077 0.253906 0.045775 0.029018
1 0.390845 0.257812 0.031690 0.021763
1 0.112676 0.257812 0.028169 0.022321
1 0.015845 0.267857 0.030810 0.020647
1 0.964789 0.343750 0.028169 0.022321
0 0.837148 0.493304 0.059859 0.009487
0 0.698063 0.495536 0.033451 0.013393
1 0.257042 0.488839 0.037852 0.032366
1 0.793134 0.492746 0.036972 0.029018
0 0.617958 0.503348 0.087148 0.010045
1 0.667253 0.495536 0.037852 0.032366
1 0.562500 0.503348 0.031690 0.022321
1 0.313380 0.517299 0.032570 0.021205
1 0.740317 0.526786 0.033451 0.021205
0 0.197183 0.532924 0.093310 0.012277
0 0.423415 0.534598 0.035211 0.013393
1 0.140845 0.532366 0.028169 0.020647
2 0.813380 0.538504 0.025528 0.024554
1 0.391725 0.534598 0.036972 0.032366
0 0.970951 0.547433 0.058099 0.010045
1 0.926056 0.547433 0.040493 0.026786
0 0.153169 0.567522 0.063380 0.011161
1 0.110915 0.567522 0.029930 0.021205
0 0.363556 0.622768 0.061620 0.014509
1 0.321303 0.622768 0.031690 0.022321
0 0.587148 0.683594 0.033451 0.012277
1 0.560739 0.684152 0.028169 0.020647
1 0.250880 0.685826 0.028169 0.020089
0 0.496479 0.693080 0.085387 0.009487
1 0.441901 0.693080 0.031690 0.021763
1 0.316901 0.722656 0.039613 0.033482
2 0.463908 0.742188 0.028169 0.025112
0 0.809859 0.784598 0.029930 0.012277
1 0.783451 0.784598 0.032570 0.021205
0 0.974472 0.816964 0.051056 0.011161
1 0.933979 0.816964 0.038732 0.026786
2 0.961268 0.873326 0.025528 0.023438
