0 0.044014 0.193080 0.034331 0.008929
1 0.015845 0.193080 0.031690 0.021205
0 0.582747 0.282366 0.033451 0.009487
1 0.551056 0.281808 0.037852 0.032366
2 0.574824 0.345982 0.042254 0.026786
0 0.181338 0.377232 0.034331 0.010603
1 0.153169 0.377232 0.030810 0.020089
0 0.595951 0.541853 0.061620 0.014509
1 0.549296 0.541853 0.040493 0.025670
0 0.154930 0.571429 0.061620 0.013393
1 0.110915 0.571429 0.037852 0.032366
0 0.781690 0.635045 0.058979 0.009487
1 0.741197 0.635045 0.032570 0.021763
1 0.505282 0.643415 0.028169 0.020089
2 0.527289 0.646205 0.045775 0.043527
1 0.312500 0.695871 0.035211 0.023438
0 0.916373 0.717076 0.091549 0.012277
1 0.859155 0.717076 0.032570 0.021205
2 0.313380 0.757812 0.030810 0.022879
