1 0.477113 0.010045 0.029930 0.020089
0 0.119718 0.039062 0.088028 0.010603
1 0.683979 0.032366 0.036972 0.029576
1 0.066021 0.039062 0.028169 0.020647
1 0.616197 0.064732 0.029049 0.020089
1 0.883803 0.126674 0.041373 0.025670
0 0.052817 0.141741 0.063380 0.013393
1 0.014965 0.141741 0.029930 0.021205
1 0.676056 0.143973 0.031690 0.022879
2 0.088908 0.150670 0.026408 0.021205
2 0.883803 0.146205 0.051056 0.034598
2 0.031690 0.159598 0.028169 0.026786
0 0.332746 0.168527 0.091549 0.013393
1 0.802817 0.162946 0.037852 0.029018
1 0.277289 0.168527 0.028169 0.022321
1 0.485915 0.189174 0.039613 0.025670
2 0.802817 0.205915 0.041373 0.023438
1 0.790493 0.225446 0.032570 0.021763
0 0.216549 0.243304 0.087148 0.011161
1 0.160211 0.243304 0.032570 0.022321
0 0.457746 0.255022 0.063380 0.012277
1 0.612676 0.252790 0.040493 0.025670
1 0.411092 0.255022 0.038732 0.026786
1 0.323944 0.263393 0.033451 0.022321
2 0.637324 0.265625 0.060739 0.038504
1 0.295775 0.293527 0.031690 0.022321
0 0.211268 0.318080 0.065141 0.012277
0 0.616197 0.320312 0.085387 0.010603
1 0.167254 0.318080 0.031690 0.022879
1 0.556338 0.319754 0.042254 0.026786
2 0.540493 0.342634 0.032570 0.026786
0 0.242077 0.358817 0.033451 0.012277
1 0.855634 0.361607 0.028169 0.020089
1 0.209507 0.358817 0.040493 0.026786
0 0.725352 0.366629 0.087148 0.011161
1 0.669894 0.366629 0.031690 0.022321
1 0.267606 0.382812 0.032570 0.021205
0 0.718310 0.412946 0.059859 0.009487
1 0.679577 0.412946 0.026408 0.021205
1 0.947183 0.467076 0.036972 0.029018
0 0.805458 0.492746 0.063380 0.011161
1 0.764085 0.492746 0.030810 0.021205
0 0.225352 0.498884 0.096831 0.014509
1 0.165493 0.498884 0.032570 0.020647
2 0.947183 0.503348 0.055458 0.042969
0 0.779049 0.541295 0.091549 0.012277
1 0.716549 0.541295 0.042254 0.026786
0 0.819542 0.563058 0.033451 0.010045
0 0.154049 0.566406 0.033451 0.012277
1 0.124120 0.566406 0.035211 0.023438
1 0.786972 0.563058 0.039613 0.033482
0 0.118838 0.601004 0.061620 0.012277
1 0.074824 0.601004 0.035211 0.022321
0 0.386444 0.613281 0.063380 0.013393
1 0.476232 0.612723 0.028169 0.022321
1 0.340669 0.613281 0.036972 0.032366
2 0.096831 0.614955 0.037852 0.031808
1 0.158451 0.630022 0.033451 0.022321
0 0.704225 0.647879 0.089789 0.013393
1 0.649648 0.647879 0.028169 0.022321
2 0.367077 0.661830 0.026408 0.021763
1 0.023768 0.670759 0.029930 0.020647
0 0.304577 0.683036 0.033451 0.012277
1 0.278169 0.683036 0.030810 0.020647
2 0.023768 0.700893 0.036972 0.025670
1 0.897007 0.764509 0.033451 0.021205
1 0.397887 0.771763 0.044014 0.034598
1 0.621479 0.796875 0.031690 0.021205
0 0.316021 0.816964 0.063380 0.012277
1 0.269366 0.816964 0.037852 0.032366
0 0.554577 0.838170 0.063380 0.013393
1 0.509683 0.838170 0.035211 0.023438
1 0.892606 0.848214 0.032570 0.021205
