1 0.341549 0.018973 0.039613 0.025112
1 0.089789 0.077009 0.031690 0.021763
1 0.910211 0.086496 0.029930 0.021205
1 0.089789 0.095424 0.040493 0.025670
0 0.882042 0.109933 0.096831 0.014509
1 0.823063 0.110491 0.029930 0.020647
0 0.787852 0.135045 0.033451 0.009487
1 0.755282 0.134487 0.040493 0.025670
1 0.448944 0.141183 0.036092 0.032366
1 0.378521 0.146763 0.042254 0.026786
0 0.334507 0.165737 0.087148 0.010045
1 0.906690 0.162946 0.030810 0.021205
1 0.279049 0.165737 0.033451 0.022321
0 0.715669 0.191406 0.061620 0.013393
1 0.675176 0.191406 0.028169 0.020089
0 0.408451 0.241071 0.063380 0.012277
1 0.362676 0.241071 0.036972 0.029018
1 0.463028 0.295201 0.030810 0.021205
0 0.555458 0.332031 0.063380 0.013393
0 0.341549 0.337612 0.063380 0.014509
1 0.508803 0.332031 0.038732 0.033482
1 0.295775 0.338170 0.036972 0.029576
0 0.741197 0.361607 0.033451 0.013393
1 0.714789 0.361607 0.030810 0.020647
1 0.235035 0.363281 0.029930 0.021205
1 0.314261 0.497768 0.038732 0.026786
1 0.089789 0.499442 0.038732 0.026786
0 0.980634 0.509487 0.038732 0.013393
1 0.850352 0.508371 0.032570 0.022321
1 0.100352 0.515625 0.032570 0.022321
1 0.945423 0.510045 0.041373 0.034040
1 0.044894 0.575893 0.036972 0.029576
1 0.076585 0.610491 0.031690 0.021763
1 0.940141 0.637277 0.037852 0.029018
0 0.097711 0.653460 0.065141 0.012277
1 0.055458 0.652902 0.028169 0.020647
1 0.243838 0.660156 0.035211 0.022321
1 0.625000 0.680804 0.029930 0.020647
1 0.318662 0.685268 0.029930 0.021205
0 0.486796 0.704241 0.063380 0.011161
1 0.440141 0.704241 0.039613 0.033482
1 0.556338 0.753348 0.041373 0.025112
1 0.875000 0.758929 0.030810 0.020647
0 0.051937 0.776786 0.059859 0.009487
1 0.020246 0.776786 0.040493 0.025112
0 0.352993 0.796875 0.033451 0.011161
1 0.322183 0.796875 0.036972 0.032366
0 0.656690 0.821987 0.063380 0.013393
1 0.611796 0.821987 0.035211 0.023438
