1 0.626761 0.016183 0.036092 0.032366
0 0.841549 0.038504 0.091549 0.012277
1 0.785211 0.039062 0.029930 0.020647
2 0.805458 0.069196 0.031690 0.025112
1 0.629401 0.180804 0.036972 0.030692
1 0.817782 0.205357 0.026408 0.021205
0 0.625000 0.238839 0.033451 0.012277
1 0.593310 0.238839 0.038732 0.026786
2 0.817782 0.255580 0.045775 0.035714
0 0.491197 0.279576 0.063380 0.012277
1 0.448063 0.279576 0.031690 0.022321
0 0.239437 0.333147 0.065141 0.014509
1 0.191901 0.333705 0.038732 0.025112
2 0.466549 0.325893 0.058099 0.042969
2 0.216549 0.364955 0.059859 0.041853
1 0.138204 0.396205 0.029930 0.020647
0 0.434859 0.412946 0.058099 0.010045
1 0.391725 0.412946 0.036972 0.030134
0 0.632923 0.516183 0.063380 0.013393
0 0.196303 0.521763 0.035211 0.010045
1 0.584507 0.516741 0.041373 0.025112
1 0.163732 0.521763 0.038732 0.033482
0 0.798415 0.534040 0.091549 0.012277
1 0.736796 0.533482 0.040493 0.025112
0 0.205986 0.797433 0.059859 0.011161
1 0.158451 0.797433 0.044014 0.034598
2 0.190141 0.881696 0.023768 0.018973
