0 0.080986 0.079241 0.087148 0.010045
1 0.816901 0.077567 0.029930 0.021205
1 0.026408 0.079241 0.029049 0.020089
0 0.700704 0.085938 0.095070 0.010045
1 0.639085 0.085938 0.037852 0.029018
0 0.970070 0.105469 0.059859 0.013393
1 0.927817 0.105469 0.032570 0.021205
0 0.313380 0.141183 0.061620 0.012277
1 0.272007 0.141741 0.029930 0.020647
1 0.908451 0.154018 0.033451 0.022321
0 0.447183 0.199219 0.063380 0.011161
1 0.398768 0.199219 0.042254 0.026786
1 0.940141 0.226562 0.029049 0.020089
2 0.605634 0.283482 0.080106 0.041853
0 0.637324 0.311384 0.089789 0.013393
1 0.528169 0.318080 0.037852 0.032366
1 0.765845 0.323661 0.044014 0.034598
0 0.950704 0.382254 0.059859 0.012277
1 0.906690 0.382254 0.036972 0.032366
1 0.653169 0.391183 0.037852 0.029018
2 0.127641 0.392857 0.040493 0.030134
0 0.592430 0.424665 0.065141 0.012277
0 0.323944 0.436942 0.056338 0.011161
1 0.283451 0.436942 0.034331 0.030134
1 0.736796 0.461496 0.044014 0.034598
0 0.105634 0.512835 0.061620 0.013393
1 0.058979 0.512835 0.040493 0.026786
1 0.487676 0.541295 0.041373 0.025670
2 0.359155 0.582031 0.039613 0.026786
0 0.377641 0.609375 0.065141 0.012277
1 0.329225 0.609375 0.039613 0.025670
0 0.608275 0.678571 0.091549 0.012277
1 0.549296 0.678571 0.037852 0.032366
0 0.096831 0.689174 0.033451 0.012277
1 0.299296 0.679688 0.036092 0.032366
1 0.066021 0.689732 0.036972 0.029576
1 0.744718 0.745536 0.028169 0.020089
0 0.939261 0.773438 0.063380 0.014509
1 0.894366 0.773438 0.034331 0.030134
1 0.839789 0.806920 0.030810 0.020647
1 0.662852 0.801897 0.044014 0.034598
2 0.101232 0.851004 0.047535 0.035714
2 0.755282 0.858259 0.090669 0.044085
1 0.102113 0.873326 0.029049 0.020089
