1 0.321303 0.111049 0.036972 0.023438
0 0.087148 0.130580 0.035211 0.012277
1 0.059859 0.130580 0.030810 0.021205
1 0.915493 0.152902 0.026408 0.021205
1 0.472711 0.240513 0.031690 0.022321
0 0.711268 0.308036 0.063380 0.012277
1 0.669014 0.308036 0.029930 0.021205
1 0.029930 0.323103 0.036972 0.032366
0 0.218310 0.491071 0.058979 0.009487
1 0.177817 0.491071 0.028169 0.020089
1 0.735915 0.563058 0.029049 0.020089
1 0.438380 0.569196 0.039613 0.025112
1 0.802817 0.686384 0.029930 0.020647
1 0.309859 0.707031 0.041373 0.025670
