0 0.951585 0.051897 0.096831 0.014509
1 0.891725 0.051897 0.031690 0.022321
0 0.971831 0.095982 0.056338 0.013393
1 0.667253 0.092634 0.037852 0.029018
1 0.927817 0.095982 0.038732 0.025112
0 0.329225 0.119420 0.034331 0.010603
1 0.300176 0.119420 0.029930 0.021205
1 0.558979 0.128906 0.033451 0.021205
1 0.982394 0.215960 0.034331 0.030134
1 0.032570 0.244420 0.036972 0.029576
1 0.701585 0.261719 0.040493 0.025670
0 0.984155 0.345424 0.030810 0.013393
2 0.033451 0.339286 0.044894 0.034040
1 0.463028 0.360491 0.034331 0.031808
1 0.337148 0.368304 0.038732 0.025112
2 0.337148 0.402902 0.059859 0.041853
1 0.261444 0.438616 0.035211 0.032924
1 0.859155 0.475446 0.039613 0.025112
1 0.968310 0.478795 0.028169 0.020647
0 0.755282 0.524554 0.034331 0.010603
1 0.727993 0.524554 0.028169 0.020089
1 0.060739 0.527902 0.029930 0.021205
1 0.910211 0.541295 0.032570 0.021763
0 0.460387 0.568080 0.066901 0.011161
0 0.609155 0.571987 0.065141 0.013393
1 0.414613 0.568080 0.033451 0.021205
1 0.185739 0.570312 0.031690 0.022879
1 0.566021 0.571429 0.029930 0.020647
1 0.269366 0.571429 0.039613 0.025112
1 0.693662 0.608259 0.032570 0.020647
0 0.065141 0.622768 0.085387 0.009487
2 0.297535 0.625000 0.022887 0.018415
2 0.029930 0.627232 0.040493 0.035714
1 0.581866 0.641741 0.035211 0.032924
2 0.255282 0.641741 0.065141 0.041295
0 0.271127 0.657366 0.058099 0.010603
0 0.445423 0.656808 0.091549 0.013393
1 0.389085 0.657366 0.030810 0.020647
1 0.225352 0.657366 0.041373 0.034040
1 0.915493 0.673549 0.037852 0.032366
0 0.547535 0.694754 0.065141 0.012277
1 0.501761 0.694196 0.034331 0.031808
0 0.101232 0.803571 0.061620 0.014509
1 0.059859 0.803571 0.032570 0.022321
0 0.769366 0.834821 0.035211 0.013393
0 0.117958 0.840402 0.059859 0.012277
1 0.737676 0.834821 0.036972 0.029576
1 0.615317 0.834263 0.036972 0.032366
1 0.079225 0.840402 0.026408 0.021205
1 0.544014 0.852679 0.039613 0.025670
0 0.443662 0.859375 0.061620 0.013393
2 0.262324 0.853795 0.040493 0.039062
1 0.398768 0.859375 0.036972 0.029576
2 0.791373 0.866071 0.029930 0.022879
2 0.095951 0.862165 0.052817 0.033482
1 0.791373 0.883371 0.035211 0.022321
2 0.544014 0.895089 0.030810 0.022879
