1 0.357394 0.154018 0.031690 0.022321
2 0.357394 0.175781 0.037852 0.027902
0 0.209507 0.255580 0.063380 0.013393
1 0.161092 0.255580 0.042254 0.026786
0 0.426056 0.388951 0.063380 0.012277
1 0.381162 0.388951 0.035211 0.023438
1 0.146127 0.503348 0.042254 0.026786
1 0.735915 0.556920 0.028169 0.020089
0 0.430458 0.604353 0.065141 0.012277
0 0.114437 0.609375 0.058099 0.010603
1 0.385563 0.603795 0.034331 0.031808
1 0.075704 0.609933 0.028169 0.022321
0 0.283451 0.617188 0.061620 0.013393
1 0.238556 0.617188 0.036972 0.023438
2 0.735915 0.659598 0.029930 0.022879
