1 0.676056 0.011161 0.028169 0.022321
0 0.117958 0.030134 0.063380 0.014509
1 0.073944 0.030134 0.034331 0.030134
1 0.345951 0.039062 0.031690 0.022879
2 0.367958 0.055246 0.073944 0.039062
0 0.076585 0.106027 0.096831 0.014509
1 0.017606 0.106027 0.029930 0.020647
1 0.666373 0.112723 0.036972 0.029576
1 0.904930 0.118304 0.032570 0.020647
0 0.611796 0.166853 0.065141 0.014509
1 0.568662 0.166295 0.029930 0.020647
0 0.838908 0.187500 0.093310 0.012277
2 0.043134 0.187500 0.026408 0.023996
1 0.777289 0.187500 0.038732 0.033482
0 0.367077 0.207031 0.063380 0.011161
1 0.319542 0.207031 0.040493 0.025670
1 0.388204 0.210938 0.036972 0.023438
1 0.930458 0.236607 0.035211 0.023438
1 0.195423 0.232143 0.037852 0.032924
1 0.517606 0.235491 0.041373 0.034040
0 0.725352 0.247768 0.089789 0.012277
1 0.669014 0.247768 0.031690 0.022321
2 0.517606 0.256138 0.029930 0.018973
1 0.135563 0.255580 0.030810 0.020647
0 0.853873 0.274554 0.091549 0.012277
1 0.797535 0.274554 0.029930 0.021205
1 0.753521 0.275670 0.036972 0.029576
0 0.068662 0.293527 0.087148 0.011161
1 0.015845 0.293527 0.028169 0.020647
0 0.487676 0.312500 0.061620 0.013393
0 0.398768 0.318080 0.063380 0.012277
1 0.517606 0.311384 0.037852 0.032924
1 0.355634 0.318080 0.032570 0.021205
1 0.654930 0.315290 0.040493 0.026786
1 0.441901 0.312500 0.038732 0.033482
2 0.516725 0.365513 0.026408 0.021205
1 0.849472 0.381138 0.029930 0.021205
0 0.103873 0.388951 0.065141 0.012277
1 0.061620 0.388951 0.028169 0.022321
0 0.146127 0.402344 0.061620 0.013393
1 0.102113 0.402344 0.034331 0.030134
2 0.748239 0.429688 0.054577 0.028460
1 0.472711 0.439174 0.035211 0.022321
0 0.875000 0.491629 0.061620 0.013393
1 0.595070 0.489955 0.030810 0.020647
1 0.834507 0.491629 0.029049 0.020089
1 0.100352 0.488839 0.037852 0.032366
1 0.265845 0.488839 0.041373 0.034040
0 0.171655 0.508371 0.063380 0.011161
1 0.798415 0.505580 0.031690 0.022321
1 0.125000 0.507812 0.041373 0.025112
1 0.898768 0.525670 0.029930 0.020647
1 0.856514 0.529018 0.031690 0.022321
1 0.213908 0.552455 0.040493 0.025670
1 0.689261 0.568080 0.028169 0.020089
1 0.311620 0.587054 0.041373 0.025670
1 0.101232 0.593750 0.029930 0.020647
1 0.179577 0.640067 0.029930 0.021205
1 0.950704 0.652902 0.041373 0.025670
1 0.038732 0.705357 0.041373 0.034040
0 0.600352 0.723772 0.061620 0.012277
1 0.556338 0.723772 0.035211 0.022321
0 0.710387 0.732701 0.089789 0.012277
1 0.652289 0.732701 0.035211 0.022321
2 0.677817 0.733259 0.030810 0.027344
2 0.950704 0.729353 0.038732 0.036830
2 0.580986 0.745536 0.021127 0.020647
1 0.727113 0.750558 0.044014 0.034598
0 0.892606 0.770089 0.060739 0.009487
1 0.848592 0.770089 0.035211 0.022321
0 0.975352 0.817522 0.049296 0.012277
1 0.935739 0.818080 0.036972 0.029576
0 0.768486 0.843192 0.061620 0.014509
1 0.723592 0.843192 0.039613 0.025670
0 0.867077 0.868862 0.033451 0.012277
1 0.373239 0.866071 0.039613 0.025112
1 0.836268 0.868304 0.036972 0.029576
2 0.373239 0.905134 0.034331 0.027344
