1 0.360915 0.010045 0.032570 0.020089
0 0.867077 0.036272 0.063380 0.012277
1 0.823944 0.036830 0.030810 0.020647
1 0.025528 0.036830 0.036972 0.029018
1 0.213908 0.035156 0.044014 0.034598
0 0.927817 0.075893 0.058979 0.009487
0 0.397007 0.080915 0.061620 0.013393
1 0.883803 0.075893 0.037852 0.029018
1 0.352113 0.080915 0.037852 0.032366
0 0.954225 0.147879 0.034331 0.008929
1 0.924296 0.147879 0.031690 0.022321
0 0.662852 0.162946 0.063380 0.013393
0 0.606514 0.164062 0.065141 0.012277
1 0.621479 0.162946 0.028169 0.020089
1 0.559859 0.164062 0.037852 0.032366
2 0.477113 0.174107 0.067782 0.032924
1 0.911972 0.188616 0.028169 0.020089
1 0.364437 0.190290 0.041373 0.025670
2 0.746479 0.185268 0.043134 0.037388
2 0.309859 0.187500 0.044014 0.036272
0 0.489437 0.202009 0.058099 0.010603
0 0.331866 0.204241 0.061620 0.012277
1 0.448944 0.202009 0.030810 0.020647
2 0.582747 0.199777 0.036092 0.030692
1 0.286972 0.204241 0.036972 0.030692
0 0.633803 0.231585 0.059859 0.010045
1 0.593310 0.232143 0.030810 0.020647
0 0.854753 0.247210 0.066901 0.013393
1 0.038732 0.244420 0.036092 0.032366
1 0.807218 0.247210 0.036972 0.032366
1 0.396127 0.253906 0.037852 0.029018
2 0.838028 0.260045 0.039613 0.035156
2 0.461268 0.271205 0.043134 0.032366
0 0.720951 0.289621 0.063380 0.012277
0 0.465669 0.291853 0.033451 0.008929
1 0.679577 0.289621 0.028169 0.022321
1 0.438380 0.291853 0.030810 0.020089
0 0.385563 0.298549 0.035211 0.012277
1 0.947183 0.305804 0.030810 0.020647
1 0.300176 0.310268 0.031690 0.022321
1 0.714789 0.333147 0.029049 0.020089
1 0.371479 0.334821 0.029930 0.020647
0 0.649648 0.341518 0.061620 0.012277
1 0.963908 0.332589 0.036972 0.030692
1 0.559859 0.334821 0.042254 0.026786
2 0.589789 0.332589 0.039613 0.033482
1 0.109155 0.358259 0.030810 0.020647
2 0.151408 0.369420 0.025528 0.021763
0 0.167254 0.393973 0.063380 0.011161
1 0.679577 0.384487 0.037852 0.032366
1 0.125000 0.393973 0.029930 0.020647
1 0.965669 0.415179 0.036972 0.029576
2 0.965669 0.426897 0.040493 0.026786
1 0.477113 0.477121 0.037852 0.029018
0 0.290493 0.504464 0.058979 0.009487
0 0.102993 0.502790 0.035211 0.013393
1 0.068662 0.502790 0.042254 0.026786
1 0.246479 0.505022 0.036972 0.023438
1 0.676937 0.512277 0.036972 0.030692
1 0.135563 0.534040 0.030810 0.021205
1 0.955986 0.541853 0.029930 0.021205
1 0.250000 0.543527 0.037852 0.032924
1 0.605634 0.547433 0.041373 0.025670
1 0.024648 0.550223 0.038732 0.026786
1 0.908451 0.565848 0.031690 0.022879
2 0.899648 0.601562 0.040493 0.035714
1 0.899648 0.612165 0.031690 0.022321
0 0.486796 0.627232 0.061620 0.013393
1 0.445423 0.627232 0.032570 0.022321
1 0.084507 0.652902 0.030810 0.020647
1 0.359155 0.666853 0.036972 0.023438
1 0.804577 0.698103 0.033451 0.022321
1 0.910211 0.719308 0.039613 0.025670
2 0.359155 0.720982 0.051937 0.038504
0 0.349472 0.767299 0.063380 0.012277
0 0.206866 0.790179 0.059859 0.011161
1 0.166373 0.790179 0.029930 0.020647
2 0.368838 0.834821 0.031690 0.030134
1 0.878521 0.843750 0.036972 0.029576
1 0.533451 0.848214 0.040493 0.025670
1 0.368838 0.851562 0.036972 0.029018
2 0.878521 0.862723 0.029930 0.026228
2 0.533451 0.894531 0.028169 0.021205
