0 0.375880 0.017857 0.063380 0.011161
1 0.330986 0.017857 0.035211 0.022321
0 0.338028 0.091518 0.087148 0.011161
2 0.706866 0.077009 0.080986 0.039621
0 0.984155 0.093750 0.031690 0.012277
1 0.504401 0.088728 0.036972 0.023438
1 0.283451 0.091518 0.029930 0.021205
1 0.955106 0.093750 0.031690 0.022321
1 0.630282 0.104911 0.028169 0.020089
0 0.401408 0.114955 0.061620 0.012277
1 0.360915 0.114955 0.028169 0.022321
1 0.417254 0.138393 0.030810 0.020647
1 0.698063 0.189732 0.036972 0.029576
1 0.035211 0.194196 0.038732 0.026786
1 0.518486 0.198661 0.035211 0.022321
1 0.246479 0.204799 0.031690 0.022321
0 0.640845 0.237723 0.058099 0.013393
0 0.764965 0.241071 0.065141 0.012277
0 0.852113 0.241071 0.065141 0.013393
1 0.600352 0.237723 0.030810 0.020647
1 0.808979 0.241071 0.029930 0.020647
1 0.714789 0.241071 0.044014 0.034598
0 0.394366 0.256696 0.093310 0.012277
1 0.554577 0.252232 0.030810 0.020647
1 0.336268 0.256696 0.032570 0.021763
0 0.115317 0.262835 0.091549 0.013393
1 0.058099 0.262835 0.032570 0.021205
1 0.322183 0.265625 0.037852 0.029018
0 0.974472 0.289621 0.051056 0.013393
1 0.934859 0.289621 0.036972 0.023438
0 0.102993 0.301339 0.065141 0.014509
0 0.595070 0.304688 0.063380 0.012277
1 0.057218 0.301339 0.035211 0.023438
1 0.547535 0.304688 0.040493 0.025670
0 0.934859 0.319196 0.086268 0.010603
1 0.880282 0.319754 0.031690 0.021205
2 0.080986 0.316964 0.036092 0.027344
1 0.035211 0.321987 0.038732 0.026786
1 0.855634 0.334821 0.039613 0.025112
1 0.294014 0.338728 0.035211 0.022321
0 0.207746 0.359375 0.063380 0.011161
1 0.625000 0.351562 0.038732 0.026786
0 0.779930 0.362723 0.087148 0.010045
2 0.410211 0.357143 0.066021 0.041853
1 0.410211 0.387277 0.032570 0.021763
2 0.036972 0.403460 0.054577 0.037946
1 0.102113 0.436384 0.030810 0.021205
1 0.248239 0.446429 0.026408 0.021205
0 0.370599 0.487723 0.063380 0.013393
0 0.654930 0.489397 0.035211 0.012277
1 0.327465 0.487723 0.032570 0.022321
1 0.626761 0.489397 0.030810 0.021205
1 0.024648 0.508929 0.030810 0.020647
0 0.672535 0.522879 0.089789 0.012277
1 0.965669 0.518415 0.036972 0.030134
1 0.610035 0.522879 0.044014 0.034598
1 0.114437 0.546875 0.030810 0.020647
1 0.643486 0.554129 0.028169 0.022321
1 0.227993 0.585938 0.036972 0.023438
2 0.643486 0.605469 0.028169 0.022321
1 0.142606 0.620536 0.038732 0.026786
0 0.270246 0.636719 0.065141 0.012277
2 0.250880 0.656250 0.036972 0.025112
1 0.973592 0.730469 0.028169 0.022321
0 0.149648 0.741629 0.063380 0.012277
1 0.021127 0.746652 0.029930 0.021205
1 0.102113 0.741629 0.040493 0.032366
2 0.044014 0.753348 0.054577 0.030692
0 0.247359 0.765067 0.065141 0.012277
0 0.375880 0.764509 0.061620 0.013393
1 0.204225 0.765067 0.029930 0.021205
1 0.331866 0.764509 0.035211 0.022321
2 0.124120 0.768415 0.036972 0.030134
0 0.678697 0.811942 0.063380 0.013393
1 0.635563 0.811942 0.032570 0.021205
0 0.058979 0.825335 0.061620 0.012277
1 0.017606 0.825335 0.035211 0.022321
1 0.197183 0.850446 0.041373 0.025112
