1 0.632042 0.010045 0.029930 0.020089
0 0.049296 0.279018 0.063380 0.012277
1 0.020246 0.279018 0.040493 0.025670
1 0.147007 0.296875 0.036972 0.029576
1 0.179577 0.357701 0.036972 0.032366
0 0.246479 0.427455 0.087148 0.010045
1 0.191021 0.427455 0.031690 0.021763
0 0.168134 0.476562 0.065141 0.013393
1 0.123239 0.476562 0.031690 0.022321
0 0.970951 0.537388 0.058099 0.013393
1 0.930458 0.537388 0.031690 0.022321
1 0.676056 0.608259 0.028169 0.020089
1 0.336268 0.754464 0.029930 0.021205
0 0.699824 0.789062 0.063380 0.013393
1 0.656690 0.789062 0.030810 0.020089
