1 0.136444 0.019531 0.036972 0.030134
0 0.896127 0.040737 0.085387 0.011161
1 0.838028 0.040737 0.038732 0.026786
0 0.721831 0.137835 0.065141 0.013393
1 0.677817 0.138393 0.030810 0.020647
1 0.648768 0.195871 0.028169 0.020089
2 0.648768 0.201451 0.028169 0.018973
0 0.602113 0.206473 0.061620 0.012277
0 0.825704 0.207589 0.066021 0.013393
1 0.559859 0.206473 0.031690 0.021205
1 0.779930 0.207589 0.032570 0.021205
0 0.258803 0.238281 0.056338 0.011161
1 0.220070 0.238281 0.030810 0.021205
2 0.524648 0.228795 0.069542 0.041853
1 0.036972 0.239397 0.029930 0.021205
0 0.755282 0.255580 0.058979 0.010045
0 0.112676 0.260603 0.059859 0.012277
1 0.711268 0.255580 0.039613 0.025112
0 0.173415 0.271763 0.061620 0.011161
1 0.067782 0.260603 0.038732 0.033482
1 0.133803 0.271763 0.029049 0.020089
1 0.963908 0.269531 0.040493 0.026786
0 0.427817 0.282924 0.063380 0.012277
1 0.382923 0.282924 0.035211 0.023438
1 0.455106 0.308036 0.042254 0.026786
2 0.153169 0.314732 0.033451 0.028460
0 0.273768 0.325335 0.061620 0.012277
1 0.949824 0.318080 0.042254 0.026786
2 0.047535 0.319196 0.037852 0.028460
1 0.233275 0.325335 0.028169 0.022321
0 0.750000 0.333147 0.093310 0.013393
1 0.691901 0.333147 0.031690 0.022321
0 0.874120 0.338728 0.063380 0.013393
0 0.059859 0.341518 0.036092 0.010045
1 0.573944 0.338728 0.040493 0.025670
1 0.024648 0.341518 0.040493 0.025670
1 0.202465 0.358817 0.035211 0.022321
0 0.507042 0.378348 0.087148 0.010045
1 0.446303 0.378348 0.040493 0.025670
0 0.882042 0.390625 0.063380 0.012277
1 0.838908 0.390625 0.031690 0.022321
1 0.244718 0.410156 0.033451 0.021205
0 0.112676 0.429129 0.061620 0.014509
1 0.066901 0.429129 0.038732 0.026786
0 0.594190 0.463170 0.033451 0.012277
1 0.563380 0.463170 0.036972 0.023438
1 0.241197 0.464844 0.036972 0.023438
1 0.157570 0.469308 0.028169 0.022321
1 0.852113 0.470424 0.031690 0.022321
1 0.045775 0.497210 0.026408 0.021205
2 0.241197 0.511719 0.061620 0.036830
1 0.788732 0.518973 0.041373 0.025670
1 0.526408 0.541853 0.038732 0.026786
0 0.713028 0.551339 0.034331 0.010603
0 0.625000 0.558594 0.033451 0.008929
1 0.679577 0.551339 0.041373 0.034040
1 0.595951 0.558594 0.033451 0.022321
2 0.625000 0.578125 0.034331 0.027344
0 0.238556 0.599330 0.096831 0.014509
1 0.385563 0.595982 0.032570 0.021763
1 0.179577 0.599330 0.029930 0.021205
0 0.592430 0.606027 0.088028 0.012835
1 0.714789 0.605469 0.032570 0.022321
1 0.532570 0.606027 0.040493 0.032366
0 0.286972 0.638393 0.065141 0.012277
1 0.527289 0.634487 0.029930 0.021205
0 0.491197 0.643973 0.061620 0.013393
1 0.238556 0.638393 0.040493 0.025670
1 0.450704 0.643973 0.030810 0.020647
1 0.980634 0.674107 0.030810 0.020647
0 0.634683 0.704241 0.033451 0.011161
2 0.975352 0.700893 0.048415 0.025112
1 0.605634 0.704241 0.032570 0.021205
0 0.292254 0.742188 0.095070 0.012277
1 0.235035 0.742188 0.028169 0.022321
0 0.124120 0.802455 0.058099 0.013393
1 0.078345 0.802455 0.042254 0.026786
0 0.335387 0.813616 0.061620 0.014509
1 0.293134 0.813616 0.031690 0.022879
0 0.701585 0.853795 0.059859 0.009487
1 0.655810 0.854353 0.040493 0.025670
0 0.337148 0.877232 0.066901 0.013393
1 0.293134 0.877232 0.029930 0.020647
0 0.385563 0.885045 0.063380 0.012277
1 0.341549 0.885045 0.031690 0.022321
2 0.578345 0.889509 0.035211 0.031250
0 0.618838 0.898996 0.095070 0.012277
1 0.559859 0.899554 0.030810 0.020647
