0 0.395246 0.006696 0.066901 0.012835
1 0.350352 0.011161 0.031690 0.022321
1 0.084507 0.019531 0.039613 0.033482
0 0.928697 0.076451 0.065141 0.013393
1 0.882042 0.075893 0.037852 0.032924
0 0.971831 0.117188 0.056338 0.013393
1 0.929577 0.117188 0.037852 0.029018
1 0.681338 0.131696 0.039613 0.025112
1 0.362676 0.162946 0.030810 0.020647
0 0.552817 0.170201 0.035211 0.012277
1 0.525528 0.170201 0.028169 0.022321
1 0.015845 0.196987 0.028169 0.020089
0 0.209507 0.234375 0.096831 0.014509
1 0.150528 0.234375 0.029930 0.021205
0 0.741197 0.249442 0.065141 0.013393
1 0.857394 0.246652 0.036972 0.029576
1 0.694542 0.248884 0.036972 0.029576
1 0.628521 0.248884 0.037852 0.032366
1 0.776408 0.253348 0.037852 0.032366
0 0.450704 0.282366 0.036092 0.010045
1 0.919894 0.276786 0.035211 0.032924
1 0.419014 0.282366 0.036092 0.032366
1 0.808099 0.309152 0.029930 0.020647
1 0.555458 0.348772 0.031690 0.021205
1 0.223592 0.353795 0.030810 0.020647
1 0.330986 0.356027 0.036092 0.032366
0 0.610915 0.385045 0.065141 0.012277
1 0.560739 0.385045 0.044014 0.034598
0 0.213028 0.399554 0.033451 0.013393
0 0.125880 0.400670 0.086268 0.010603
1 0.180458 0.399554 0.040493 0.025670
1 0.067782 0.401228 0.038732 0.033482
0 0.467430 0.417411 0.088028 0.010603
1 0.411972 0.417411 0.031690 0.021763
0 0.981514 0.435826 0.036972 0.013393
1 0.952465 0.435826 0.029049 0.020089
0 0.764085 0.478237 0.065141 0.013393
1 0.149648 0.474888 0.031690 0.021205
1 0.717430 0.478237 0.036972 0.023438
0 0.885563 0.485491 0.088028 0.012835
0 0.056338 0.488839 0.061620 0.012277
1 0.829225 0.485491 0.032570 0.020647
1 0.015845 0.488839 0.028169 0.020089
0 0.542253 0.551339 0.087148 0.011161
1 0.201585 0.546875 0.035211 0.032924
1 0.482394 0.551339 0.040493 0.032366
1 0.041373 0.561384 0.033451 0.022321
1 0.852113 0.569754 0.033451 0.022321
1 0.308099 0.577009 0.030810 0.020647
0 0.396127 0.598772 0.087148 0.011161
1 0.340669 0.598772 0.031690 0.022321
0 0.777289 0.605469 0.061620 0.014509
1 0.730634 0.604911 0.041373 0.025112
1 0.255282 0.620536 0.040493 0.025670
0 0.068662 0.629464 0.087148 0.010045
1 0.018486 0.629464 0.036972 0.032366
1 0.632042 0.632254 0.039613 0.033482
1 0.864437 0.654018 0.029930 0.021205
0 0.352113 0.679688 0.085387 0.010603
1 0.298415 0.680246 0.029930 0.021205
0 0.719190 0.710379 0.059859 0.010045
1 0.675176 0.709821 0.036972 0.029576
1 0.912852 0.715402 0.040493 0.025670
1 0.380282 0.723772 0.037852 0.032366
1 0.132923 0.774554 0.035211 0.032924
1 0.741197 0.777344 0.037852 0.029018
1 0.792253 0.794085 0.030810 0.020089
1 0.162852 0.825335 0.026408 0.021205
