1 0.727993 0.043527 0.042254 0.024554
2 0.512324 0.051897 0.029930 0.022321
1 0.593310 0.051339 0.041373 0.025112
0 0.531690 0.064732 0.061620 0.014509
1 0.489437 0.064732 0.030810 0.021205
0 0.636444 0.100446 0.035211 0.012277
0 0.232394 0.104911 0.085387 0.009487
1 0.603873 0.100446 0.039613 0.033482
2 0.313380 0.107701 0.030810 0.023438
1 0.174296 0.104911 0.039613 0.033482
1 0.901408 0.111049 0.036092 0.032366
1 0.249120 0.136719 0.044014 0.034598
1 0.077465 0.142857 0.037852 0.032924
1 0.625880 0.172433 0.036972 0.030134
0 0.554577 0.191406 0.063380 0.013393
1 0.511444 0.191406 0.031690 0.021205
1 0.525528 0.217076 0.040493 0.025670
1 0.841549 0.252232 0.031690 0.022879
2 0.862676 0.250000 0.036972 0.032366
0 0.271127 0.268415 0.063380 0.012277
1 0.228873 0.267857 0.030810 0.020647
2 0.309859 0.273438 0.048415 0.041295
1 0.349472 0.330357 0.036972 0.029576
1 0.852113 0.334821 0.041373 0.025670
1 0.239437 0.334821 0.037852 0.032366
1 0.035211 0.359933 0.028169 0.020089
2 0.589789 0.358259 0.054577 0.026786
1 0.365317 0.392299 0.029930 0.021205
1 0.715669 0.402902 0.040493 0.025670
1 0.419014 0.405134 0.036972 0.030134
1 0.248239 0.423549 0.028169 0.020089
2 0.273768 0.425223 0.044014 0.025112
1 0.686620 0.429688 0.038732 0.026786
2 0.366197 0.434710 0.027289 0.024554
2 0.419014 0.445312 0.029930 0.023996
1 0.733275 0.467076 0.042254 0.024554
1 0.242958 0.475446 0.029930 0.021205
0 0.056338 0.502232 0.061620 0.013393
1 0.797535 0.506696 0.030810 0.020647
2 0.031690 0.506696 0.038732 0.027344
1 0.902289 0.511161 0.036972 0.029576
2 0.085387 0.575893 0.036972 0.025670
0 0.102113 0.590402 0.063380 0.012277
1 0.057218 0.590402 0.035211 0.032924
1 0.654930 0.591518 0.035211 0.032924
0 0.272887 0.633929 0.063380 0.014509
1 0.230634 0.633929 0.029930 0.021205
0 0.052817 0.642299 0.059859 0.010045
1 0.014085 0.641741 0.028169 0.020647
0 0.329225 0.686384 0.061620 0.014509
1 0.285211 0.686384 0.037852 0.029018
1 0.472711 0.707031 0.038732 0.033482
0 0.916373 0.736607 0.063380 0.011161
1 0.873239 0.736607 0.031690 0.021205
1 0.811620 0.753348 0.037852 0.032366
1 0.642606 0.766183 0.034331 0.030134
0 0.384683 0.789621 0.063380 0.011161
1 0.343310 0.789621 0.030810 0.020089
1 0.750000 0.812500 0.036972 0.029018
1 0.833627 0.836496 0.028169 0.020089
2 0.858275 0.839286 0.044014 0.041853
1 0.698944 0.856027 0.030810 0.020647
1 0.847711 0.863281 0.040493 0.032366
1 0.476232 0.868862 0.040493 0.026786
0 0.639965 0.878348 0.035211 0.010045
2 0.529049 0.875000 0.031690 0.030692
1 0.608275 0.878348 0.036972 0.030692
0 0.673415 0.909040 0.063380 0.013393
1 0.631162 0.909040 0.029930 0.021205
