1 0.463028 0.029018 0.040493 0.025670
0 0.935739 0.070312 0.089789 0.011161
1 0.881162 0.070312 0.028169 0.020089
1 0.675176 0.140067 0.028169 0.020089
1 0.569542 0.154018 0.036972 0.023438
2 0.570423 0.173549 0.041373 0.027902
0 0.120599 0.208705 0.091549 0.013393
1 0.063380 0.208705 0.031690 0.022321
2 0.675176 0.212612 0.024648 0.020089
0 0.865317 0.231027 0.063380 0.013393
1 0.431338 0.226562 0.031690 0.022321
1 0.817782 0.231027 0.040493 0.025670
1 0.231514 0.244420 0.029930 0.020647
2 0.256162 0.255022 0.038732 0.034598
0 0.748239 0.269531 0.033451 0.012277
1 0.716549 0.269531 0.041373 0.025670
0 0.492077 0.277902 0.061620 0.013393
1 0.450704 0.277902 0.032570 0.021205
1 0.578345 0.285156 0.036972 0.023438
2 0.602113 0.284040 0.034331 0.030134
0 0.183099 0.315848 0.085387 0.010603
1 0.125880 0.315848 0.036972 0.029018
0 0.584507 0.347656 0.091549 0.012277
1 0.528169 0.348214 0.030810 0.020647
1 0.825704 0.385603 0.032570 0.021205
2 0.551056 0.381696 0.044894 0.039062
0 0.228873 0.476562 0.063380 0.012277
1 0.184859 0.476562 0.034331 0.031808
0 0.747359 0.505022 0.095070 0.010045
1 0.684859 0.504464 0.039613 0.025112
2 0.207746 0.521205 0.046655 0.040737
1 0.625000 0.551339 0.044014 0.034598
0 0.324824 0.563616 0.065141 0.013393
1 0.281690 0.563616 0.029049 0.020089
1 0.496479 0.564174 0.036972 0.030134
0 0.529930 0.638393 0.034331 0.008929
1 0.498239 0.638393 0.038732 0.025112
0 0.209507 0.644531 0.065141 0.013393
1 0.165493 0.644531 0.031690 0.022321
1 0.474472 0.654576 0.031690 0.022321
1 0.375880 0.773996 0.038732 0.033482
0 0.061620 0.876116 0.065141 0.013393
1 0.017606 0.876116 0.032570 0.021205
