1 0.138204 0.010603 0.029930 0.021205
0 0.820423 0.016183 0.063380 0.013393
1 0.773768 0.016741 0.038732 0.025112
1 0.845070 0.084263 0.029930 0.021205
1 0.197183 0.084821 0.030810 0.020647
0 0.111796 0.142857 0.058099 0.010603
1 0.073063 0.142857 0.028169 0.020089
1 0.725352 0.243304 0.037852 0.032366
0 0.910211 0.262835 0.061620 0.012277
1 0.867958 0.262835 0.031690 0.022321
1 0.198944 0.282366 0.039613 0.025670
0 0.971831 0.343192 0.056338 0.012277
1 0.933099 0.343192 0.028169 0.020089
1 0.973592 0.406808 0.032570 0.021205
0 0.082746 0.428571 0.087148 0.011161
1 0.165493 0.428571 0.028169 0.022321
1 0.023768 0.428571 0.036972 0.029018
0 0.276408 0.477679 0.065141 0.014509
1 0.359155 0.470982 0.036972 0.032366
1 0.232394 0.477679 0.031690 0.021763
0 0.309859 0.593192 0.033451 0.010045
1 0.279049 0.592634 0.036972 0.029576
1 0.959507 0.626116 0.037852 0.029018
0 0.713028 0.637277 0.063380 0.012277
1 0.051056 0.665179 0.030810 0.020647
1 0.954225 0.737723 0.036092 0.032366
0 0.663732 0.757254 0.087148 0.011161
1 0.605634 0.757254 0.036972 0.023438
0 0.379401 0.778460 0.061620 0.013393
1 0.338028 0.777902 0.030810 0.020647
1 0.702465 0.777344 0.039613 0.025670
1 0.198063 0.804129 0.033451 0.021205
0 0.822183 0.827009 0.034331 0.009487
1 0.294894 0.815290 0.036972 0.032366
1 0.794014 0.826451 0.029930 0.021205
1 0.255282 0.837054 0.040493 0.025670
1 0.637324 0.845982 0.036972 0.029576
0 0.058979 0.862165 0.061620 0.012277
0 0.542253 0.862723 0.059859 0.012277
1 0.502641 0.862723 0.028169 0.022321
1 0.020246 0.862165 0.040493 0.025670
1 0.373239 0.875000 0.038732 0.033482
