1 0.292254 0.016183 0.040493 0.032366
0 0.722711 0.010603 0.063380 0.014509
1 0.675176 0.012835 0.040493 0.025670
1 0.225352 0.021763 0.030810 0.020089
1 0.754401 0.059152 0.029930 0.020647
1 0.018486 0.054688 0.036972 0.029576
1 0.642606 0.064732 0.028169 0.020647
0 0.396127 0.082589 0.065141 0.013393
1 0.352993 0.082589 0.029930 0.021205
0 0.308099 0.107701 0.035211 0.010045
1 0.198063 0.107143 0.028169 0.020089
1 0.277289 0.107701 0.035211 0.022321
0 0.716549 0.137835 0.063380 0.014509
1 0.670775 0.138393 0.036972 0.029576
0 0.959507 0.160156 0.033451 0.012277
1 0.927817 0.159598 0.038732 0.025112
0 0.033451 0.195871 0.034331 0.008929
1 0.014965 0.195871 0.029930 0.021205
1 0.799296 0.209821 0.031690 0.022321
1 0.076585 0.229911 0.040493 0.032366
1 0.261444 0.270089 0.044014 0.034598
0 0.729753 0.281250 0.096831 0.014509
1 0.667253 0.281250 0.036092 0.032366
0 0.216549 0.292411 0.061620 0.013393
1 0.170775 0.292411 0.037852 0.029018
1 0.297535 0.303571 0.030810 0.020647
0 0.262324 0.345424 0.033451 0.011161
1 0.235915 0.345424 0.028169 0.020089
1 0.620599 0.356027 0.028169 0.022321
1 0.074824 0.355469 0.040493 0.025670
1 0.965669 0.369420 0.038732 0.025112
1 0.357394 0.375000 0.034331 0.031808
0 0.271127 0.387277 0.093310 0.013393
1 0.757042 0.388393 0.032570 0.020647
1 0.208627 0.387277 0.040493 0.025670
1 0.795775 0.402902 0.042254 0.026786
0 0.679577 0.414062 0.088028 0.010603
0 0.614437 0.418527 0.061620 0.013393
1 0.624120 0.414062 0.031690 0.022321
1 0.567782 0.418527 0.040493 0.025670
0 0.506162 0.487723 0.091549 0.012277
1 0.776408 0.488281 0.037852 0.032366
0 0.162852 0.498884 0.033451 0.011161
1 0.135563 0.498884 0.030810 0.020647
1 0.216549 0.522879 0.028169 0.022321
0 0.586268 0.565290 0.033451 0.012277
1 0.558099 0.565290 0.031690 0.022321
0 0.907570 0.610491 0.035211 0.012277
1 0.878521 0.610491 0.032570 0.022321
1 0.515845 0.637277 0.032570 0.021205
1 0.645247 0.640625 0.035211 0.022321
0 0.443662 0.680804 0.058099 0.013393
1 0.401408 0.680804 0.035211 0.032924
1 0.305458 0.788504 0.040493 0.025670
1 0.223592 0.819754 0.037852 0.029018
1 0.360915 0.836496 0.032570 0.021205
1 0.104754 0.855469 0.028169 0.020089
0 0.658451 0.865513 0.061620 0.013393
1 0.613556 0.865513 0.036972 0.032366
