1 0.933979 0.014509 0.036972 0.029018
0 0.103873 0.008371 0.061620 0.014509
1 0.061620 0.010045 0.032570 0.020089
1 0.357394 0.012835 0.040493 0.025670
1 0.257042 0.023438 0.035211 0.023438
2 0.357394 0.069196 0.043134 0.025670
1 0.318662 0.080357 0.037852 0.032924
0 0.623239 0.106027 0.088028 0.010603
1 0.568662 0.106027 0.030810 0.020647
0 0.065141 0.119420 0.036092 0.010045
1 0.030810 0.119420 0.038732 0.026786
0 0.454225 0.182478 0.061620 0.013393
1 0.412852 0.182478 0.029930 0.021205
1 0.514965 0.197545 0.029930 0.020647
0 0.703345 0.209821 0.059859 0.009487
1 0.657570 0.209263 0.040493 0.025670
1 0.853873 0.209821 0.037852 0.032366
0 0.330106 0.236049 0.058099 0.010045
2 0.684859 0.223214 0.050176 0.037388
1 0.290493 0.235491 0.029930 0.020647
0 0.289613 0.267299 0.035211 0.013393
1 0.257042 0.267299 0.038732 0.026786
0 0.798415 0.280134 0.033451 0.011161
1 0.767606 0.280134 0.036972 0.023438
1 0.922535 0.327567 0.041373 0.025670
0 0.068662 0.335938 0.065141 0.012277
1 0.022887 0.335938 0.036092 0.032366
1 0.979753 0.341518 0.040493 0.025112
0 0.599472 0.354911 0.061620 0.013393
1 0.556338 0.354911 0.032570 0.021205
1 0.204225 0.352679 0.042254 0.026786
1 0.735915 0.356027 0.041373 0.034040
0 0.838028 0.393973 0.086268 0.010603
1 0.783451 0.393415 0.030810 0.021205
1 0.257042 0.393973 0.042254 0.026786
1 0.169014 0.417969 0.040493 0.025670
1 0.058979 0.484375 0.031690 0.022879
1 0.315141 0.495536 0.036972 0.029576
0 0.474472 0.539621 0.063380 0.014509
1 0.431338 0.539621 0.032570 0.021205
1 0.853873 0.539621 0.026408 0.021205
0 0.836268 0.561942 0.091549 0.013393
1 0.779930 0.561942 0.032570 0.021205
2 0.259683 0.571429 0.033451 0.029018
0 0.274648 0.591518 0.059859 0.012277
0 0.970070 0.592634 0.059859 0.011161
1 0.232394 0.591518 0.032570 0.021205
1 0.927817 0.592634 0.032570 0.022321
0 0.195423 0.601562 0.034331 0.009487
1 0.161092 0.601562 0.040493 0.025670
0 0.628521 0.610491 0.093310 0.013393
1 0.565141 0.610491 0.041373 0.025670
0 0.454225 0.655692 0.091549 0.012277
1 0.539613 0.654018 0.029930 0.020647
1 0.767606 0.659598 0.032570 0.020647
1 0.394366 0.655134 0.037852 0.032924
2 0.596831 0.663504 0.030810 0.025670
0 0.142606 0.674665 0.065141 0.013393
1 0.098592 0.674665 0.032570 0.021205
2 0.639965 0.675223 0.045775 0.025670
2 0.767606 0.679688 0.039613 0.025112
0 0.051056 0.689732 0.059859 0.010603
1 0.014965 0.689732 0.029930 0.020647
1 0.610915 0.722098 0.036972 0.029018
2 0.260563 0.720982 0.060739 0.040179
0 0.810739 0.755580 0.063380 0.013393
1 0.764965 0.755580 0.036972 0.023438
2 0.095951 0.768973 0.024648 0.022321
1 0.070423 0.771763 0.032570 0.022321
0 0.974472 0.777902 0.051056 0.011161
0 0.404049 0.777344 0.091549 0.014509
1 0.348592 0.777344 0.028169 0.022321
1 0.933979 0.777902 0.038732 0.025112
2 0.794014 0.782924 0.055458 0.041295
1 0.713028 0.806920 0.029930 0.021205
2 0.526408 0.806362 0.038732 0.032366
0 0.957747 0.821429 0.084507 0.012277
0 0.551056 0.825335 0.063380 0.011161
1 0.900528 0.821429 0.036972 0.032366
1 0.503521 0.825335 0.040493 0.032366
0 0.387324 0.857143 0.085387 0.010603
1 0.330106 0.857143 0.036972 0.030134
