1 0.610915 0.010045 0.029930 0.020089
1 0.734155 0.016183 0.037852 0.032366
2 0.628521 0.039062 0.029049 0.025112
1 0.313380 0.059710 0.035211 0.023438
0 0.839789 0.075335 0.058979 0.010045
1 0.796655 0.075335 0.035211 0.022321
2 0.640845 0.100446 0.039613 0.033482
1 0.975352 0.111607 0.035211 0.023438
0 0.653169 0.132812 0.036092 0.010045
1 0.618838 0.132812 0.040493 0.025670
1 0.572183 0.136719 0.037852 0.029018
0 0.500000 0.179129 0.061620 0.013393
2 0.975352 0.171875 0.044894 0.028460
1 0.455986 0.178571 0.035211 0.032924
0 0.323063 0.224330 0.059859 0.012277
1 0.281690 0.224330 0.031690 0.022879
1 0.904930 0.237723 0.041373 0.025112
0 0.281690 0.250000 0.089789 0.014509
1 0.435739 0.242188 0.040493 0.032366
1 0.223592 0.250000 0.037852 0.029018
1 0.961268 0.260603 0.028169 0.020089
0 0.072183 0.267299 0.096831 0.014509
1 0.015845 0.267299 0.030810 0.021205
0 0.744718 0.273996 0.033451 0.013393
0 0.852113 0.280134 0.059859 0.009487
1 0.811620 0.280134 0.029930 0.021205
1 0.579225 0.282366 0.030810 0.021205
2 0.436620 0.308036 0.043134 0.027344
1 0.521127 0.349888 0.030810 0.020089
1 0.076585 0.358817 0.033451 0.021205
1 0.246479 0.387835 0.031690 0.022321
1 0.796655 0.388951 0.028169 0.022321
2 0.076585 0.401786 0.029930 0.023996
1 0.573944 0.507254 0.029930 0.021205
2 0.573944 0.552455 0.029049 0.025112
0 0.435739 0.566964 0.065141 0.013393
1 0.387324 0.566964 0.040493 0.025112
1 0.744718 0.597098 0.029049 0.020089
1 0.514085 0.628906 0.031690 0.021205
1 0.028169 0.626116 0.036972 0.029576
1 0.204225 0.635603 0.032570 0.021205
1 0.364437 0.659040 0.032570 0.021205
0 0.931338 0.697545 0.061620 0.012277
1 0.885563 0.697545 0.041373 0.025112
0 0.589789 0.706473 0.033451 0.011161
1 0.559859 0.706473 0.035211 0.032924
1 0.822183 0.774554 0.032570 0.022321
1 0.081866 0.859375 0.029930 0.021205
0 0.158451 0.877232 0.033451 0.011161
1 0.130282 0.877232 0.030810 0.020647
