0 0.172535 0.021205 0.063380 0.012277
1 0.130282 0.021205 0.030810 0.020647
1 0.417254 0.039062 0.037852 0.029018
1 0.313380 0.070312 0.037852 0.032366
1 0.040493 0.078125 0.029930 0.020647
0 0.227993 0.106027 0.063380 0.012277
1 0.186620 0.106027 0.028169 0.020089
0 0.758803 0.281250 0.060739 0.009487
1 0.710387 0.280692 0.042254 0.024554
1 0.470070 0.302455 0.040493 0.025670
1 0.110915 0.306362 0.039613 0.033482
0 0.970070 0.333705 0.058979 0.013393
1 0.925176 0.333705 0.040493 0.025670
1 0.038732 0.339844 0.028169 0.022321
1 0.814261 0.344866 0.031690 0.021763
0 0.391725 0.374442 0.093310 0.012277
1 0.482394 0.367188 0.037852 0.029018
1 0.332746 0.374442 0.033451 0.022321
1 0.413732 0.375558 0.030810 0.020089
1 0.132923 0.399554 0.036972 0.029576
1 0.308099 0.420759 0.037852 0.032924
1 0.823063 0.428571 0.029930 0.021205
1 0.961268 0.462612 0.036972 0.030134
0 0.762324 0.490513 0.065141 0.013393
1 0.718310 0.490513 0.031690 0.022321
1 0.095070 0.518415 0.037852 0.029018
1 0.197183 0.586496 0.029930 0.021205
1 0.033451 0.617188 0.031690 0.021763
0 0.144366 0.637277 0.058979 0.009487
1 0.100352 0.636719 0.038732 0.033482
1 0.549296 0.659598 0.041373 0.025670
0 0.985915 0.673549 0.028169 0.013393
1 0.957747 0.674107 0.034331 0.031808
1 0.230634 0.722656 0.040493 0.025670
1 0.690141 0.742746 0.034331 0.030134
1 0.415493 0.754464 0.036972 0.029018
0 0.882042 0.793527 0.086268 0.010603
1 0.823944 0.792969 0.038732 0.026786
1 0.794014 0.794643 0.040493 0.025670
1 0.253521 0.798549 0.032570 0.021205
0 0.387324 0.814732 0.056338 0.011161
1 0.345070 0.814732 0.036972 0.029576
0 0.718310 0.853795 0.060739 0.010603
1 0.677817 0.853795 0.029930 0.020647
1 0.963908 0.852679 0.040493 0.025112
