1 0.682218 0.016183 0.040493 0.032366
0 0.035211 0.007812 0.058979 0.009487
1 0.841549 0.014509 0.037852 0.029018
1 0.020246 0.012835 0.040493 0.025670
0 0.619718 0.026786 0.033451 0.009487
1 0.140845 0.023996 0.040493 0.025670
1 0.585387 0.026786 0.042254 0.026786
2 0.140845 0.042411 0.044014 0.031250
2 0.958627 0.068080 0.033451 0.027344
0 0.093310 0.112723 0.033451 0.011161
1 0.065141 0.112723 0.030810 0.021205
1 0.475352 0.135045 0.033451 0.022321
0 0.728873 0.148996 0.061620 0.012277
1 0.681338 0.148996 0.041373 0.025670
0 0.970951 0.174665 0.058099 0.012277
1 0.927817 0.174665 0.037852 0.032366
1 0.596831 0.204799 0.037852 0.032366
0 0.761444 0.290179 0.059859 0.011161
0 0.440141 0.303013 0.091549 0.012277
1 0.586268 0.299665 0.032570 0.021205
1 0.380282 0.303013 0.036972 0.023438
2 0.200704 0.330357 0.047535 0.045201
1 0.698063 0.344866 0.029930 0.021205
0 0.110035 0.352121 0.063380 0.013393
1 0.063380 0.351562 0.037852 0.032924
2 0.042254 0.363839 0.026408 0.021763
1 0.632042 0.371652 0.029930 0.021205
1 0.943662 0.366071 0.037852 0.032924
1 0.275528 0.378348 0.036972 0.029576
1 0.321303 0.380580 0.036972 0.029576
1 0.399648 0.388393 0.041373 0.025670
1 0.160211 0.388393 0.039613 0.025112
1 0.372359 0.443080 0.031690 0.021763
1 0.732394 0.449777 0.036972 0.030692
1 0.294014 0.452009 0.036972 0.030692
2 0.294014 0.484933 0.031690 0.030134
0 0.617077 0.496094 0.061620 0.014509
1 0.573944 0.496652 0.034331 0.031808
2 0.598592 0.536830 0.021127 0.018415
1 0.227113 0.539621 0.028169 0.022321
0 0.920775 0.560826 0.061620 0.012277
1 0.103873 0.633929 0.034331 0.031808
0 0.615317 0.652344 0.059859 0.012277
1 0.570423 0.651786 0.041373 0.025112
0 0.411972 0.677455 0.085387 0.010603
2 0.379401 0.667969 0.035211 0.033482
1 0.637324 0.672991 0.040493 0.025670
1 0.358275 0.677455 0.029930 0.020647
1 0.640845 0.744978 0.040493 0.025670
0 0.938380 0.787388 0.085387 0.011161
1 0.883803 0.787946 0.032570 0.021763
0 0.656690 0.826451 0.061620 0.013393
2 0.702465 0.879464 0.041373 0.026228
0 0.703345 0.887835 0.035211 0.013393
2 0.637324 0.886161 0.060739 0.031808
1 0.671655 0.888393 0.036972 0.029576
1 0.367958 0.914062 0.032570 0.020647
