1 0.038732 0.030134 0.030810 0.020647
0 0.501761 0.034598 0.088028 0.010603
1 0.447183 0.035156 0.029930 0.021205
2 0.038732 0.052455 0.031690 0.026228
1 0.811620 0.053013 0.041373 0.025670
0 0.747359 0.074219 0.063380 0.012277
2 0.963028 0.061942 0.057218 0.042411
1 0.705986 0.074219 0.028169 0.022321
0 0.095070 0.089286 0.033451 0.011161
1 0.963028 0.085938 0.029049 0.020089
1 0.068662 0.089286 0.028169 0.020089
0 0.873239 0.105469 0.061620 0.012277
1 0.825704 0.105469 0.042254 0.026786
1 0.305458 0.135045 0.038732 0.025112
0 0.535211 0.166853 0.063380 0.012277
1 0.491197 0.166853 0.033451 0.021205
2 0.306338 0.171875 0.066021 0.041853
1 0.692782 0.188058 0.040493 0.025670
0 0.431338 0.205357 0.058979 0.009487
1 0.392606 0.204799 0.026408 0.021205
0 0.921655 0.218750 0.061620 0.011161
1 0.875000 0.218750 0.039613 0.025112
0 0.605634 0.229911 0.085387 0.009487
1 0.426937 0.226562 0.038732 0.025112
1 0.550176 0.229911 0.033451 0.022321
0 0.666373 0.287388 0.065141 0.014509
1 0.794894 0.285714 0.033451 0.021205
1 0.622359 0.287388 0.031690 0.022321
1 0.194542 0.291295 0.036972 0.023438
1 0.298415 0.291295 0.036972 0.029576
0 0.377641 0.317522 0.063380 0.013393
1 0.330986 0.318080 0.038732 0.025112
1 0.588908 0.327567 0.031690 0.022321
1 0.088028 0.342634 0.032570 0.021205
2 0.194542 0.350446 0.021127 0.018415
1 0.887324 0.354911 0.029930 0.020647
2 0.649648 0.349330 0.036972 0.033482
0 0.436620 0.365513 0.063380 0.011161
1 0.390845 0.366071 0.036972 0.029576
0 0.046655 0.391741 0.063380 0.013393
1 0.014085 0.391741 0.028169 0.020089
2 0.887324 0.392857 0.033451 0.025112
0 0.150528 0.429129 0.063380 0.013393
1 0.107394 0.429129 0.032570 0.022321
1 0.580986 0.439732 0.041373 0.025670
1 0.847711 0.469866 0.026408 0.021205
1 0.188380 0.536830 0.036972 0.023438
1 0.822183 0.542411 0.036972 0.029576
1 0.631162 0.554129 0.031690 0.022321
1 0.906690 0.573103 0.029049 0.020089
1 0.742958 0.602679 0.035211 0.032924
1 0.683979 0.617746 0.031690 0.022321
0 0.812500 0.646763 0.061620 0.014509
1 0.767606 0.646763 0.037852 0.029018
0 0.264085 0.661830 0.033451 0.012277
1 0.238556 0.661830 0.026408 0.021205
1 0.963908 0.681362 0.033451 0.022321
1 0.281690 0.700893 0.028169 0.022321
0 0.702465 0.734375 0.063380 0.011161
1 0.660211 0.734375 0.032570 0.020647
2 0.301937 0.743862 0.038732 0.024554
2 0.964789 0.795759 0.046655 0.042411
1 0.526408 0.821987 0.029049 0.020089
1 0.672535 0.838170 0.040493 0.025670
1 0.959507 0.869420 0.039613 0.025112
1 0.351232 0.880580 0.031690 0.022321
