1 0.089789 0.027344 0.040493 0.025670
1 0.494718 0.044085 0.029930 0.021205
0 0.977993 0.051339 0.044014 0.013393
1 0.940141 0.051339 0.041373 0.025112
1 0.368838 0.055804 0.028169 0.020089
0 0.875000 0.070312 0.058979 0.009487
1 0.832747 0.070871 0.034331 0.030134
1 0.967430 0.167411 0.028169 0.020647
0 0.875880 0.174107 0.093310 0.012277
1 0.815141 0.174107 0.036972 0.029576
0 0.168134 0.233259 0.065141 0.012277
1 0.123239 0.233259 0.032570 0.022321
1 0.261444 0.248884 0.038732 0.033482
0 0.428697 0.266183 0.061620 0.012277
1 0.153169 0.263393 0.026408 0.021205
1 0.351232 0.266741 0.029930 0.021205
1 0.383803 0.266741 0.036972 0.029576
1 0.492958 0.267857 0.034331 0.031808
0 0.634683 0.292411 0.063380 0.013393
1 0.304577 0.290737 0.032570 0.021205
1 0.593310 0.292411 0.028169 0.020089
1 0.786972 0.297433 0.037852 0.029018
0 0.232394 0.328125 0.058979 0.009487
1 0.186620 0.328125 0.040493 0.025670
0 0.929577 0.334821 0.065141 0.013393
1 0.880282 0.334821 0.042254 0.024554
0 0.158451 0.379464 0.088028 0.012277
1 0.099472 0.379464 0.038732 0.025112
0 0.400528 0.396205 0.061620 0.012277
0 0.735915 0.401228 0.063380 0.014509
1 0.353873 0.396205 0.040493 0.025670
1 0.687500 0.401228 0.042254 0.024554
0 0.830106 0.438058 0.061620 0.013393
0 0.223592 0.447545 0.060739 0.010603
1 0.786972 0.438058 0.034331 0.030134
1 0.174296 0.447545 0.044014 0.034598
0 0.814261 0.480469 0.059859 0.011161
1 0.768486 0.480469 0.040493 0.032366
1 0.220070 0.504464 0.037852 0.029018
0 0.557218 0.573103 0.095070 0.012277
1 0.811620 0.570312 0.041373 0.025112
1 0.500000 0.573103 0.028169 0.022321
1 0.802817 0.595982 0.034331 0.030134
0 0.755282 0.627232 0.063380 0.012277
1 0.714789 0.627232 0.026408 0.021205
0 0.674296 0.633371 0.065141 0.012277
1 0.627641 0.633929 0.036972 0.029576
1 0.147887 0.654018 0.042254 0.026786
1 0.445423 0.674107 0.041373 0.025670
0 0.584507 0.709821 0.087148 0.011161
1 0.529930 0.709821 0.031690 0.021205
1 0.037852 0.715402 0.028169 0.020647
0 0.334507 0.739955 0.033451 0.012277
1 0.304577 0.739955 0.035211 0.032924
0 0.379401 0.771763 0.035211 0.010045
1 0.245599 0.770647 0.033451 0.021205
1 0.350352 0.771763 0.032570 0.021205
1 0.204225 0.840402 0.035211 0.032924
