0 0.758803 0.051897 0.087148 0.010045
1 0.703345 0.052455 0.029930 0.020647
0 0.875000 0.117746 0.063380 0.011161
1 0.833627 0.117746 0.028169 0.020089
1 0.630282 0.228795 0.034331 0.031808
1 0.316901 0.238281 0.029930 0.021205
1 0.679577 0.249442 0.030810 0.020089
1 0.737676 0.256138 0.037852 0.029018
0 0.214789 0.311384 0.089789 0.014509
1 0.158451 0.311384 0.032570 0.020647
1 0.903169 0.326451 0.042254 0.026786
0 0.501761 0.354911 0.065141 0.012277
1 0.452465 0.354911 0.041373 0.025112
0 0.266725 0.376116 0.059859 0.010045
1 0.227113 0.376116 0.028169 0.022321
0 0.214789 0.448661 0.058099 0.010603
1 0.176056 0.448103 0.028169 0.020089
0 0.551056 0.462054 0.089789 0.014509
1 0.494718 0.462054 0.032570 0.021205
1 0.590669 0.582031 0.028169 0.020089
