0 0.414613 0.089844 0.091549 0.012277
1 0.352993 0.089844 0.040493 0.026786
0 0.226232 0.116629 0.063380 0.013393
0 0.672535 0.121652 0.093310 0.012277
1 0.179577 0.116629 0.036972 0.029018
1 0.612676 0.121652 0.035211 0.022321
2 0.805458 0.120536 0.035211 0.026228
1 0.908451 0.137277 0.029930 0.020647
1 0.066021 0.143973 0.029930 0.021205
1 0.529930 0.174107 0.040493 0.025670
2 0.693662 0.213170 0.030810 0.023438
1 0.646127 0.219866 0.029930 0.020647
0 0.711268 0.229911 0.061620 0.012277
1 0.831866 0.224888 0.036972 0.029018
1 0.669014 0.229911 0.032570 0.021763
2 0.529930 0.231585 0.039613 0.022321
2 0.908451 0.228237 0.064261 0.033482
1 0.968310 0.245536 0.037852 0.032924
1 0.036972 0.254464 0.032570 0.021763
2 0.832747 0.261161 0.062500 0.039621
1 0.234155 0.296317 0.034331 0.030134
1 0.717430 0.311942 0.042254 0.026786
0 0.575704 0.333705 0.085387 0.010603
0 0.891725 0.334821 0.093310 0.012277
1 0.516725 0.333147 0.038732 0.026786
1 0.829225 0.334821 0.041373 0.025112
1 0.316901 0.331473 0.034331 0.031808
1 0.763204 0.341518 0.036972 0.023438
0 0.699824 0.364955 0.061620 0.012277
1 0.654930 0.364955 0.037852 0.032366
0 0.971831 0.376116 0.056338 0.014509
1 0.931338 0.376116 0.032570 0.021205
1 0.045775 0.381696 0.039613 0.025112
0 0.915493 0.399554 0.033451 0.011161
1 0.889085 0.399554 0.028169 0.020089
1 0.727113 0.405134 0.031690 0.022321
0 0.664613 0.438616 0.088028 0.012277
0 0.155810 0.439174 0.061620 0.013393
1 0.110915 0.438616 0.036972 0.029576
1 0.606514 0.438616 0.036972 0.032366
0 0.212148 0.492188 0.033451 0.009487
1 0.186620 0.492746 0.026408 0.021205
0 0.982394 0.504464 0.035211 0.012277
1 0.952465 0.504464 0.031690 0.022321
0 0.905810 0.509487 0.091549 0.012277
1 0.844190 0.509487 0.040493 0.025670
1 0.089789 0.529018 0.033451 0.021205
1 0.492077 0.549107 0.040493 0.025670
1 0.606514 0.553571 0.042254 0.026786
1 0.576585 0.556920 0.031690 0.022321
0 0.268486 0.579799 0.063380 0.013393
1 0.225352 0.580357 0.031690 0.021763
1 0.656690 0.611607 0.028169 0.020089
2 0.492077 0.619420 0.038732 0.030692
0 0.812500 0.633929 0.065141 0.013393
0 0.219190 0.649554 0.061620 0.014509
1 0.176937 0.649554 0.031690 0.021763
2 0.080986 0.660156 0.048415 0.035714
0 0.683979 0.685826 0.093310 0.012277
1 0.626761 0.685826 0.029930 0.021205
0 0.349472 0.694196 0.091549 0.012277
1 0.288732 0.694196 0.039613 0.033482
0 0.277289 0.729353 0.065141 0.012277
1 0.629401 0.728237 0.029930 0.021205
1 0.230634 0.729353 0.036972 0.029018
1 0.919014 0.731585 0.037852 0.029018
0 0.212148 0.783482 0.059859 0.009487
1 0.170775 0.783482 0.031690 0.022321
0 0.827465 0.795759 0.086268 0.010603
0 0.353873 0.798549 0.087148 0.010045
1 0.772887 0.795201 0.032570 0.021205
1 0.296655 0.797991 0.036972 0.029576
2 0.193662 0.804688 0.048415 0.033482
0 0.714789 0.842634 0.086268 0.010603
0 0.970951 0.844866 0.058099 0.013393
1 0.661972 0.842634 0.030810 0.020647
1 0.931338 0.844866 0.030810 0.020647
2 0.318662 0.865513 0.044894 0.030134
