1 0.595951 0.011161 0.031690 0.022321
0 0.537852 0.068080 0.033451 0.013393
1 0.508803 0.068080 0.032570 0.021205
0 0.820423 0.082589 0.061620 0.013393
1 0.773768 0.082589 0.040493 0.025112
0 0.086268 0.100446 0.087148 0.011161
1 0.026408 0.100446 0.040493 0.025670
0 0.600352 0.138393 0.063380 0.013393
1 0.558099 0.138393 0.032570 0.021205
1 0.333627 0.141741 0.040493 0.025112
1 0.961268 0.148438 0.029930 0.021205
1 0.750000 0.232701 0.032570 0.022321
1 0.598592 0.271205 0.034331 0.031808
1 0.092430 0.297991 0.031690 0.022321
0 0.509683 0.335938 0.063380 0.011161
0 0.292254 0.352679 0.058979 0.009487
1 0.584507 0.343750 0.036972 0.029576
0 0.979753 0.375000 0.040493 0.012277
1 0.670775 0.368862 0.038732 0.026786
1 0.115317 0.370536 0.038732 0.026786
1 0.942782 0.375000 0.040493 0.026786
0 0.385563 0.393973 0.061620 0.011161
1 0.344190 0.393973 0.029930 0.021205
0 0.051937 0.407924 0.065141 0.012277
1 0.021127 0.408482 0.041373 0.025112
0 0.602113 0.417411 0.059859 0.010603
1 0.312500 0.479353 0.028169 0.020089
1 0.015845 0.513951 0.029049 0.020089
0 0.659331 0.518973 0.093310 0.013393
1 0.372359 0.516741 0.029930 0.020647
1 0.910211 0.513951 0.036092 0.032366
1 0.598592 0.518973 0.036972 0.030692
1 0.860915 0.544085 0.037852 0.029018
1 0.772887 0.544643 0.034331 0.030134
1 0.658451 0.566964 0.029930 0.021205
1 0.264965 0.574777 0.026408 0.021205
1 0.014965 0.604911 0.029930 0.021205
1 0.314261 0.617746 0.028169 0.020089
0 0.803697 0.627232 0.059859 0.011161
1 0.764085 0.627232 0.028169 0.022321
0 0.634683 0.662388 0.095070 0.010045
1 0.881162 0.713170 0.026408 0.021205
0 0.437500 0.734933 0.063380 0.011161
1 0.346831 0.728795 0.037852 0.029018
1 0.389965 0.734933 0.040493 0.025670
0 0.355634 0.777344 0.087148 0.011161
1 0.967430 0.775112 0.035211 0.023438
1 0.298415 0.777344 0.035211 0.022321
1 0.101232 0.777902 0.036972 0.032366
1 0.882042 0.820312 0.032570 0.021763
0 0.528169 0.840402 0.034331 0.009487
1 0.499120 0.839844 0.033451 0.022321
1 0.734155 0.849330 0.039613 0.025112
0 0.345070 0.861607 0.059859 0.009487
1 0.306338 0.862165 0.026408 0.021205
1 0.635563 0.866629 0.032570 0.021205
1 0.440141 0.877232 0.041373 0.025112
1 0.963028 0.886719 0.032570 0.021205
