0 0.808979 0.040179 0.035211 0.010045
1 0.711268 0.032366 0.037852 0.032366
1 0.846831 0.033482 0.034331 0.031808
1 0.773768 0.040179 0.044014 0.034598
1 0.925176 0.061384 0.031690 0.021763
1 0.792253 0.095982 0.030810 0.021205
0 0.491197 0.150670 0.059859 0.009487
1 0.450704 0.151228 0.029049 0.020089
0 0.978873 0.191964 0.042254 0.012277
0 0.656690 0.195871 0.063380 0.013393
1 0.614437 0.195871 0.030810 0.021205
1 0.944542 0.191964 0.035211 0.032924
0 0.366197 0.257812 0.063380 0.013393
1 0.320423 0.257812 0.035211 0.023438
1 0.838028 0.259487 0.032570 0.021205
1 0.192782 0.258929 0.033451 0.022321
0 0.190141 0.266741 0.085387 0.009487
1 0.135563 0.267299 0.029930 0.021205
0 0.679577 0.277902 0.088028 0.012835
0 0.467430 0.281250 0.095070 0.010045
0 0.765845 0.283482 0.061620 0.012277
1 0.619718 0.277902 0.041373 0.025112
1 0.405810 0.281250 0.036972 0.030692
1 0.720951 0.283482 0.036972 0.030134
2 0.838028 0.288504 0.025528 0.024554
1 0.350352 0.296875 0.031690 0.022879
0 0.820423 0.401786 0.063380 0.011161
1 0.776408 0.401786 0.034331 0.030134
0 0.204225 0.439732 0.065141 0.014509
1 0.156690 0.439732 0.039613 0.033482
1 0.149648 0.507812 0.031690 0.021763
0 0.287852 0.512835 0.084507 0.011161
1 0.427817 0.505022 0.037852 0.029018
0 0.735915 0.520089 0.058979 0.010045
1 0.230634 0.512835 0.039613 0.025670
1 0.526408 0.518973 0.028169 0.022321
0 0.633803 0.529018 0.034331 0.009487
1 0.691021 0.520089 0.038732 0.026786
1 0.603873 0.528460 0.034331 0.030134
0 0.370599 0.555804 0.035211 0.010045
1 0.341549 0.555804 0.032570 0.020647
2 0.631162 0.552455 0.049296 0.036830
1 0.902289 0.570871 0.029930 0.021205
1 0.594190 0.571429 0.036972 0.029576
1 0.469190 0.573661 0.035211 0.032924
0 0.546655 0.592634 0.091549 0.012277
1 0.489437 0.592634 0.031690 0.022321
1 0.749120 0.603237 0.036972 0.032366
0 0.609155 0.661272 0.087148 0.011161
1 0.551056 0.661272 0.039613 0.033482
1 0.461268 0.699777 0.036972 0.029018
0 0.680458 0.723214 0.091549 0.012277
0 0.208627 0.726004 0.063380 0.012277
1 0.165493 0.726004 0.031690 0.022321
0 0.599472 0.732143 0.093310 0.013393
1 0.676937 0.724330 0.036972 0.030692
1 0.617958 0.723214 0.041373 0.034040
0 0.431338 0.737723 0.088028 0.010603
0 0.343310 0.741629 0.087148 0.011161
1 0.281690 0.741629 0.042254 0.024554
1 0.371479 0.737723 0.041373 0.034040
1 0.095951 0.757812 0.033451 0.021205
1 0.756162 0.794643 0.028169 0.020647
1 0.233275 0.796875 0.040493 0.025112
2 0.312500 0.801339 0.029930 0.023996
