1 0.751761 0.050223 0.039613 0.025112
1 0.306338 0.049107 0.037852 0.029018
1 0.830106 0.064732 0.031690 0.021763
0 0.330986 0.128906 0.058099 0.010045
1 0.292254 0.128906 0.028169 0.020089
0 0.491197 0.270089 0.091549 0.012277
1 0.434859 0.270089 0.030810 0.020647
0 0.616197 0.286272 0.087148 0.010045
1 0.560739 0.286272 0.029930 0.021205
1 0.473592 0.311384 0.040493 0.025112
1 0.202465 0.320312 0.042254 0.026786
0 0.045775 0.340402 0.033451 0.008929
1 0.017606 0.340402 0.032570 0.022321
2 0.473592 0.361607 0.062500 0.039621
1 0.132923 0.397321 0.044014 0.034598
1 0.789613 0.434152 0.042254 0.026786
0 0.978873 0.457031 0.042254 0.013393
1 0.941021 0.457031 0.042254 0.026786
0 0.675176 0.494978 0.091549 0.012277
2 0.639085 0.491071 0.057218 0.044643
2 0.795775 0.506696 0.064261 0.031250
2 0.966549 0.507812 0.041373 0.032924
0 0.294014 0.529018 0.063380 0.012277
1 0.245599 0.529018 0.042254 0.026786
1 0.813380 0.559152 0.028169 0.020089
1 0.865317 0.601004 0.036972 0.023438
1 0.586268 0.606585 0.035211 0.022321
1 0.088028 0.625000 0.041373 0.034040
0 0.750000 0.643415 0.063380 0.012277
1 0.708627 0.643415 0.028169 0.022321
2 0.866197 0.654018 0.032570 0.027344
1 0.436620 0.672433 0.040493 0.026786
0 0.594190 0.688616 0.061620 0.013393
1 0.547535 0.688616 0.040493 0.025670
1 0.635563 0.716518 0.034331 0.031808
1 0.900528 0.757254 0.040493 0.025670
0 0.376761 0.772879 0.065141 0.014509
1 0.329225 0.772879 0.037852 0.029018
1 0.144366 0.782924 0.040493 0.032366
1 0.278169 0.806920 0.032570 0.021763
