1 0.329225 0.012835 0.040493 0.025670
1 0.463908 0.014509 0.036972 0.029018
1 0.380282 0.122210 0.032570 0.021205
1 0.908451 0.135603 0.028169 0.022321
0 0.610035 0.176339 0.065141 0.014509
1 0.564261 0.176339 0.035211 0.032924
0 0.497359 0.204241 0.065141 0.013393
0 0.430458 0.210379 0.063380 0.013393
2 0.473592 0.202009 0.048415 0.036272
1 0.383803 0.210938 0.039613 0.025112
0 0.699824 0.238281 0.063380 0.013393
1 0.078345 0.234375 0.033451 0.022321
1 0.651408 0.238281 0.042254 0.026786
0 0.208627 0.276228 0.061620 0.011161
1 0.160211 0.276228 0.044014 0.034598
0 0.278169 0.309152 0.058979 0.009487
1 0.237676 0.309152 0.029930 0.020647
0 0.766725 0.320312 0.063380 0.012277
1 0.726232 0.320312 0.026408 0.021205
0 0.667253 0.327567 0.085387 0.011161
1 0.143486 0.325335 0.029930 0.021205
1 0.609155 0.327567 0.039613 0.025670
1 0.389965 0.330357 0.038732 0.025112
2 0.413732 0.330357 0.048415 0.030692
0 0.557218 0.347656 0.088028 0.012277
1 0.700704 0.352679 0.030810 0.020647
0 0.103873 0.360491 0.088028 0.012835
1 0.044014 0.360491 0.041373 0.034040
1 0.211268 0.376116 0.039613 0.033482
2 0.073944 0.402344 0.044894 0.037946
1 0.301056 0.411830 0.036972 0.029576
1 0.200704 0.459821 0.035211 0.022321
0 0.285211 0.528460 0.063380 0.011161
2 0.268486 0.521763 0.033451 0.026786
1 0.239437 0.528460 0.036092 0.032366
0 0.674296 0.546317 0.095070 0.010045
2 0.636444 0.549107 0.029930 0.026228
1 0.612676 0.546317 0.037852 0.032366
1 0.038732 0.556920 0.030810 0.020647
0 0.880282 0.565848 0.087148 0.011161
1 0.825704 0.565848 0.028169 0.020089
1 0.524648 0.590960 0.038732 0.026786
0 0.377641 0.621652 0.063380 0.012277
1 0.258803 0.620536 0.036972 0.029576
0 0.769366 0.630580 0.058979 0.009487
1 0.332746 0.621652 0.034331 0.031808
1 0.728873 0.630580 0.030810 0.020647
2 0.258803 0.643973 0.029930 0.025112
2 0.748239 0.660714 0.046655 0.029576
1 0.688380 0.684152 0.026408 0.021205
2 0.527289 0.687500 0.042254 0.036272
1 0.047535 0.694754 0.036972 0.029018
1 0.528169 0.704241 0.041373 0.025112
1 0.091549 0.735491 0.038732 0.025112
2 0.617077 0.756696 0.038732 0.029018
0 0.637324 0.768415 0.063380 0.011161
1 0.595070 0.768415 0.030810 0.020089
1 0.244718 0.845424 0.034331 0.030134
0 0.767606 0.858259 0.058979 0.009487
1 0.726232 0.858259 0.033451 0.022321
0 0.379401 0.909040 0.065141 0.012277
1 0.336268 0.908482 0.030810 0.020647
