0 0.387324 0.207031 0.085387 0.011161
1 0.329225 0.206473 0.038732 0.025112
0 0.607394 0.251674 0.061620 0.012277
1 0.560739 0.251674 0.040493 0.025670
0 0.640845 0.349330 0.033451 0.012277
1 0.610915 0.349330 0.035211 0.023438
1 0.035211 0.369420 0.029049 0.020089
1 0.806338 0.376116 0.026408 0.021205
0 0.836268 0.439732 0.085387 0.009487
1 0.780810 0.439174 0.033451 0.022321
0 0.764085 0.511719 0.093310 0.012277
1 0.705986 0.511161 0.030810 0.020647
1 0.515845 0.607701 0.029049 0.020089
0 0.963028 0.621652 0.073944 0.014509
1 0.913732 0.621652 0.031690 0.022879
1 0.360035 0.675781 0.036972 0.030134
1 0.088908 0.685826 0.042254 0.024554
