0 0.831866 0.004464 0.065141 0.008371
1 0.788732 0.010045 0.029930 0.020089
0 0.268486 0.053013 0.065141 0.012277
1 0.224472 0.053013 0.031690 0.022321
1 0.364437 0.054688 0.037852 0.032924
1 0.470070 0.063058 0.028169 0.020089
1 0.247359 0.086496 0.026408 0.021205
0 0.072183 0.103237 0.061620 0.014509
1 0.026408 0.103237 0.037852 0.029018
1 0.959507 0.127790 0.039613 0.033482
1 0.621479 0.152902 0.034331 0.030134
0 0.848592 0.172991 0.063380 0.014509
0 0.258803 0.177455 0.088028 0.011161
1 0.806338 0.172991 0.029930 0.021205
0 0.615317 0.195871 0.061620 0.013393
1 0.570423 0.196429 0.036972 0.029576
0 0.651408 0.241071 0.063380 0.013393
0 0.287852 0.242188 0.086268 0.010603
1 0.609155 0.241071 0.030810 0.020647
1 0.228873 0.242188 0.040493 0.026786
0 0.750000 0.266741 0.034331 0.009487
0 0.929577 0.266183 0.059859 0.011161
1 0.887324 0.266183 0.032570 0.021205
1 0.717430 0.266741 0.040493 0.026786
2 0.961268 0.289621 0.076585 0.040179
1 0.974472 0.321429 0.029930 0.020647
1 0.254401 0.321429 0.040493 0.025670
1 0.735915 0.323661 0.037852 0.029018
1 0.021127 0.335938 0.030810 0.020647
0 0.895247 0.352121 0.063380 0.012277
1 0.536972 0.350446 0.041373 0.034040
2 0.255282 0.356027 0.039613 0.029576
2 0.873239 0.377232 0.022007 0.017299
0 0.794014 0.498884 0.035211 0.012277
1 0.760563 0.498884 0.040493 0.032366
1 0.149648 0.505580 0.041373 0.034040
0 0.566021 0.527902 0.086268 0.010603
1 0.512324 0.527902 0.030810 0.021205
1 0.163732 0.557478 0.040493 0.026786
1 0.949824 0.566406 0.029930 0.021205
1 0.132923 0.602679 0.031690 0.022321
1 0.907570 0.604911 0.028169 0.020647
2 0.132923 0.628348 0.036972 0.035156
1 0.250000 0.636161 0.030810 0.021205
0 0.612676 0.645089 0.061620 0.012277
1 0.572183 0.645089 0.028169 0.022321
0 0.762324 0.660714 0.059859 0.012277
1 0.721831 0.660714 0.029930 0.021205
2 0.636444 0.665179 0.033451 0.026786
0 0.550176 0.679688 0.063380 0.012277
1 0.507042 0.679688 0.032570 0.021205
1 0.636444 0.702009 0.028169 0.020089
0 0.473592 0.721540 0.033451 0.012277
1 0.448063 0.721540 0.026408 0.021205
0 0.045775 0.738281 0.033451 0.010045
2 0.036972 0.755580 0.036092 0.022879
1 0.961268 0.759487 0.041373 0.025670
1 0.195423 0.784598 0.030810 0.020647
1 0.035211 0.786830 0.036972 0.029576
1 0.489437 0.794643 0.034331 0.031808
0 0.864437 0.809152 0.059859 0.010045
1 0.575704 0.815290 0.030810 0.021205
1 0.070423 0.820312 0.032570 0.020647
2 0.961268 0.843192 0.035211 0.031250
0 0.377641 0.858817 0.059859 0.010045
0 0.301056 0.866071 0.060739 0.010603
1 0.790493 0.862165 0.029049 0.020089
1 0.333627 0.858817 0.036972 0.030134
1 0.259683 0.866071 0.029930 0.020647
