1 0.686620 0.011161 0.031690 0.022321
1 0.595070 0.013951 0.041373 0.025670
0 0.323944 0.028460 0.063380 0.012277
1 0.278169 0.028460 0.036972 0.030134
1 0.045775 0.048549 0.034331 0.030134
1 0.693662 0.102679 0.029930 0.021205
0 0.454225 0.151786 0.065141 0.012277
1 0.209507 0.151228 0.029930 0.021205
1 0.408451 0.151786 0.035211 0.032924
0 0.717430 0.194754 0.063380 0.012277
1 0.676056 0.194754 0.028169 0.022321
1 0.090669 0.202009 0.040493 0.025670
1 0.314261 0.205357 0.040493 0.025670
0 0.036972 0.243862 0.035211 0.010045
1 0.014965 0.244420 0.029930 0.020647
1 0.149648 0.246652 0.030810 0.020647
0 0.213908 0.281250 0.033451 0.012277
1 0.184859 0.281250 0.033451 0.021205
1 0.798415 0.299107 0.028169 0.020089
1 0.258803 0.305246 0.037852 0.029018
0 0.963028 0.356585 0.033451 0.013393
1 0.931338 0.356585 0.039613 0.025670
0 0.444542 0.397879 0.091549 0.013393
1 0.096831 0.391183 0.036972 0.032366
1 0.389085 0.397879 0.028169 0.022321
0 0.693662 0.434710 0.033451 0.012277
0 0.321303 0.438616 0.063380 0.013393
1 0.665493 0.434152 0.031690 0.021763
1 0.276408 0.438616 0.037852 0.032924
1 0.370599 0.473772 0.036972 0.029018
0 0.212148 0.496652 0.086268 0.010603
0 0.482394 0.497768 0.034331 0.010603
1 0.154930 0.496094 0.037852 0.032366
1 0.720951 0.498884 0.036972 0.029576
1 0.448944 0.497768 0.041373 0.034040
1 0.915493 0.523996 0.036092 0.032366
1 0.626761 0.534040 0.029049 0.020089
0 0.139965 0.565290 0.093310 0.013393
1 0.077465 0.565290 0.040493 0.025670
1 0.152289 0.579241 0.036972 0.029018
0 0.969190 0.588728 0.061620 0.013393
1 0.921655 0.588728 0.042254 0.026786
1 0.307218 0.608259 0.036972 0.029576
0 0.550176 0.625558 0.058099 0.010045
1 0.507042 0.626116 0.036972 0.029576
1 0.419014 0.636161 0.036972 0.029576
0 0.375000 0.675223 0.085387 0.010603
1 0.315141 0.675223 0.040493 0.025670
0 0.543134 0.690848 0.063380 0.011161
1 0.500000 0.690848 0.032570 0.021205
0 0.390845 0.714844 0.065141 0.014509
1 0.342430 0.714844 0.040493 0.025670
1 0.637324 0.718750 0.029930 0.020647
0 0.966549 0.729911 0.066901 0.011161
1 0.920775 0.729911 0.030810 0.021205
1 0.086268 0.771205 0.030810 0.020647
0 0.083627 0.857701 0.091549 0.012277
1 0.022007 0.857701 0.040493 0.025670
