1 0.961268 0.010045 0.032570 0.020089
1 0.190141 0.021763 0.042254 0.026786
1 0.427817 0.024554 0.040493 0.025670
0 0.058979 0.036830 0.061620 0.014509
1 0.017606 0.036830 0.029930 0.021205
0 0.374120 0.055804 0.035211 0.010045
1 0.346831 0.055804 0.028169 0.020089
0 0.228873 0.079799 0.033451 0.011161
1 0.197183 0.079799 0.038732 0.033482
1 0.609155 0.090402 0.032570 0.021763
0 0.746479 0.110491 0.059859 0.010603
1 0.701585 0.109933 0.038732 0.033482
1 0.205986 0.114397 0.042254 0.024554
1 0.044014 0.155134 0.030810 0.020089
1 0.315141 0.163504 0.036972 0.029018
0 0.819542 0.224330 0.059859 0.010603
1 0.772007 0.224888 0.044014 0.034598
0 0.585387 0.256696 0.059859 0.010045
1 0.644366 0.255022 0.035211 0.022321
1 0.116197 0.252790 0.036972 0.030134
1 0.540493 0.256696 0.038732 0.025112
0 0.544014 0.285714 0.059859 0.009487
1 0.299296 0.288504 0.026408 0.021205
0 0.440141 0.293527 0.085387 0.010603
1 0.498239 0.285714 0.040493 0.032366
1 0.382042 0.293527 0.036972 0.030692
1 0.947183 0.349330 0.040493 0.025670
0 0.507042 0.369420 0.089789 0.014509
1 0.575704 0.364397 0.036092 0.032366
1 0.445423 0.369420 0.042254 0.024554
1 0.803697 0.371094 0.042254 0.026786
1 0.410211 0.388393 0.030810 0.020647
1 0.970951 0.392857 0.040493 0.025670
0 0.852993 0.470982 0.088028 0.010603
1 0.797535 0.470982 0.032570 0.021763
0 0.915493 0.482143 0.058979 0.010045
1 0.869718 0.482143 0.042254 0.024554
1 0.376761 0.487723 0.031690 0.021763
1 0.458627 0.492746 0.029930 0.021205
1 0.260563 0.489955 0.037852 0.029018
1 0.576585 0.487723 0.044014 0.034598
0 0.931338 0.526786 0.063380 0.013393
1 0.889085 0.526786 0.029930 0.020647
1 0.686620 0.531250 0.040493 0.025670
1 0.036092 0.537946 0.026408 0.021205
1 0.235915 0.546875 0.040493 0.025670
1 0.813380 0.554688 0.041373 0.025112
0 0.974472 0.564732 0.051056 0.013393
1 0.934859 0.564732 0.037852 0.029018
0 0.517606 0.588728 0.059859 0.012277
1 0.352993 0.614955 0.029930 0.021205
1 0.494718 0.647321 0.032570 0.021205
0 0.978873 0.655692 0.041373 0.013393
1 0.944542 0.655692 0.036972 0.023438
1 0.652289 0.667969 0.033451 0.022321
0 0.937500 0.705915 0.095070 0.012277
1 0.875880 0.705915 0.036972 0.030134
0 0.484155 0.730469 0.061620 0.014509
1 0.439261 0.730469 0.036972 0.030134
0 0.382042 0.741071 0.061620 0.014509
0 0.716549 0.743862 0.085387 0.011161
1 0.339789 0.741071 0.032570 0.021763
1 0.659331 0.743304 0.036972 0.030692
1 0.612676 0.755580 0.030810 0.020647
0 0.937500 0.781250 0.096831 0.014509
1 0.875880 0.781250 0.035211 0.032924
0 0.435739 0.819196 0.061620 0.013393
1 0.338028 0.816406 0.032570 0.021205
1 0.706866 0.821429 0.029930 0.020647
1 0.390845 0.819196 0.035211 0.032924
0 0.231514 0.839286 0.088028 0.012835
1 0.176937 0.839286 0.029930 0.020647
