0 0.323944 0.045201 0.058979 0.010045
1 0.281690 0.045759 0.031690 0.021763
0 0.657570 0.128906 0.065141 0.012277
1 0.610915 0.128906 0.037852 0.029018
1 0.470951 0.189732 0.040493 0.025670
1 0.717430 0.227121 0.036972 0.032366
1 0.427817 0.250558 0.037852 0.032366
1 0.104754 0.291295 0.028169 0.020647
1 0.831866 0.291295 0.035211 0.023438
0 0.973592 0.329241 0.052817 0.012277
1 0.275528 0.325893 0.028169 0.020647
1 0.936620 0.329241 0.030810 0.020647
1 0.628521 0.339286 0.030810 0.020647
1 0.801056 0.334263 0.039613 0.033482
1 0.758803 0.343750 0.032570 0.021205
0 0.642606 0.402902 0.061620 0.014509
1 0.600352 0.402902 0.032570 0.020647
1 0.214789 0.412946 0.029049 0.020089
1 0.529930 0.414062 0.040493 0.032366
0 0.756162 0.448661 0.063380 0.011161
1 0.714789 0.448661 0.028169 0.020089
0 0.734155 0.496652 0.089789 0.013393
1 0.672535 0.496652 0.042254 0.026786
1 0.191021 0.501116 0.035211 0.022321
0 0.130282 0.507812 0.089789 0.012277
1 0.903169 0.503348 0.042254 0.026786
1 0.072183 0.507812 0.035211 0.032924
1 0.524648 0.537388 0.033451 0.021205
1 0.186620 0.585938 0.037852 0.032366
1 0.966549 0.595982 0.040493 0.025112
1 0.841549 0.600446 0.033451 0.021205
1 0.140845 0.628906 0.037852 0.032366
1 0.800176 0.664621 0.040493 0.025670
1 0.668134 0.685268 0.026408 0.021205
1 0.292254 0.708705 0.031690 0.022321
1 0.622359 0.729911 0.038732 0.033482
1 0.711268 0.740513 0.032570 0.021205
1 0.903169 0.746652 0.035211 0.022321
1 0.360915 0.797433 0.040493 0.025670
0 0.242077 0.829241 0.033451 0.012277
1 0.214789 0.829241 0.030810 0.020647
0 0.766725 0.853237 0.061620 0.013393
1 0.721831 0.853237 0.037852 0.032366
