1 0.919014 0.014509 0.036972 0.029018
0 0.911972 0.070312 0.059859 0.010603
1 0.272887 0.068080 0.040493 0.025670
1 0.645247 0.066406 0.040493 0.032366
1 0.867958 0.070312 0.036972 0.030692
0 0.085387 0.104353 0.091549 0.012277
1 0.211268 0.101562 0.041373 0.025112
1 0.029049 0.104353 0.029930 0.021205
0 0.457746 0.119420 0.088028 0.011161
1 0.402289 0.119420 0.031690 0.022321
0 0.975352 0.124442 0.049296 0.012277
1 0.938380 0.124442 0.031690 0.022321
0 0.535211 0.190290 0.033451 0.011161
1 0.503521 0.190290 0.037852 0.032366
1 0.980634 0.190848 0.037852 0.032366
0 0.047535 0.202567 0.061620 0.013393
1 0.019366 0.202567 0.038732 0.025670
0 0.676937 0.220424 0.093310 0.013393
1 0.620599 0.220424 0.028169 0.020089
1 0.961268 0.232701 0.040493 0.025670
1 0.494718 0.246652 0.036972 0.030134
1 0.135563 0.263393 0.029930 0.020647
0 0.227113 0.273438 0.063380 0.011161
1 0.181338 0.273438 0.037852 0.029018
1 0.430458 0.310826 0.033451 0.022321
1 0.809859 0.309710 0.040493 0.025670
1 0.339789 0.353237 0.037852 0.029018
0 0.630282 0.367188 0.065141 0.013393
0 0.551056 0.383929 0.033451 0.011161
0 0.929577 0.383371 0.065141 0.012277
1 0.885563 0.383371 0.032570 0.022321
1 0.519366 0.383929 0.037852 0.032366
0 0.071303 0.419643 0.088028 0.012277
1 0.019366 0.419643 0.038732 0.033482
0 0.505282 0.482143 0.087148 0.011161
1 0.889085 0.477679 0.029930 0.021205
1 0.446303 0.482143 0.036972 0.023438
1 0.678697 0.497210 0.033451 0.022321
0 0.066901 0.530692 0.087148 0.011161
1 0.015845 0.530692 0.031690 0.021205
1 0.242077 0.559710 0.040493 0.025670
1 0.966549 0.566964 0.028169 0.020089
1 0.269366 0.594866 0.028169 0.020089
1 0.556338 0.613281 0.029049 0.020089
1 0.938380 0.620536 0.036092 0.032366
1 0.636444 0.649554 0.031690 0.022879
0 0.132042 0.664062 0.085387 0.010603
1 0.073944 0.664062 0.038732 0.026786
0 0.424296 0.677455 0.061620 0.013393
1 0.379401 0.677455 0.036972 0.032366
1 0.578345 0.696429 0.036972 0.030692
0 0.061620 0.713728 0.063380 0.011161
1 0.369718 0.716518 0.032570 0.022321
1 0.019366 0.713728 0.038732 0.033482
1 0.481514 0.720982 0.031690 0.021763
1 0.688380 0.716518 0.034331 0.031808
1 0.161972 0.763393 0.030810 0.020647
1 0.619718 0.807478 0.036092 0.032366
1 0.264085 0.817522 0.028169 0.020089
1 0.817782 0.815290 0.040493 0.025670
0 0.707747 0.845424 0.058099 0.010045
1 0.662852 0.845424 0.040493 0.025670
0 0.239437 0.866629 0.065141 0.014509
1 0.197183 0.866629 0.029049 0.020089
1 0.579225 0.867188 0.029930 0.020647
0 0.376761 0.886161 0.058979 0.009487
1 0.336268 0.886161 0.029930 0.021205
1 0.397887 0.904576 0.037852 0.032366
