1 0.628521 0.012277 0.030810 0.020647
1 0.689261 0.109933 0.033451 0.021205
1 0.584507 0.123884 0.031690 0.021763
0 0.083627 0.137277 0.065141 0.014509
1 0.042254 0.137277 0.026408 0.021205
2 0.584507 0.168527 0.023768 0.018973
1 0.320423 0.189732 0.028169 0.020647
1 0.959507 0.200893 0.028169 0.022321
1 0.426056 0.202009 0.044014 0.034598
1 0.261444 0.229353 0.042254 0.026786
0 0.357394 0.241071 0.033451 0.011161
1 0.328345 0.241071 0.033451 0.022321
1 0.867077 0.241071 0.036972 0.029576
1 0.188380 0.253906 0.039613 0.025670
1 0.454225 0.260603 0.039613 0.025670
1 0.139965 0.279018 0.031690 0.022321
1 0.933099 0.296317 0.032570 0.021205
1 0.359155 0.320871 0.037852 0.029018
2 0.932218 0.327009 0.045775 0.034040
1 0.154930 0.337054 0.030810 0.020647
0 0.050176 0.356585 0.061620 0.012277
1 0.015845 0.357143 0.030810 0.020647
0 0.873239 0.371652 0.063380 0.011161
1 0.573944 0.361607 0.039613 0.033482
1 0.670775 0.371094 0.030810 0.021205
1 0.825704 0.371652 0.040493 0.032366
1 0.147007 0.384487 0.026408 0.021205
2 0.693662 0.388951 0.051056 0.032366
2 0.147007 0.414621 0.024648 0.023438
1 0.470070 0.469308 0.037852 0.032366
1 0.733275 0.520089 0.035211 0.032924
2 0.470070 0.526786 0.053697 0.039621
0 0.536972 0.547991 0.029930 0.012277
1 0.064261 0.548549 0.029930 0.021205
1 0.508803 0.547991 0.037852 0.029018
2 0.084507 0.549107 0.036092 0.029576
1 0.136444 0.560268 0.028169 0.022321
1 0.477993 0.615513 0.028169 0.022321
0 0.089789 0.623326 0.058979 0.010045
1 0.045775 0.623884 0.036972 0.029576
1 0.265845 0.631696 0.030810 0.020647
2 0.478873 0.629464 0.039613 0.026228
1 0.754401 0.642857 0.026408 0.021205
1 0.293134 0.643973 0.029930 0.020647
1 0.121479 0.648438 0.036972 0.029576
0 0.350352 0.667969 0.035211 0.012277
1 0.322183 0.668527 0.029930 0.020647
1 0.977993 0.679129 0.035211 0.022321
0 0.544894 0.690848 0.095070 0.010045
1 0.153169 0.767299 0.030810 0.020089
0 0.344190 0.782366 0.063380 0.013393
1 0.301937 0.782366 0.029930 0.021205
2 0.153169 0.813058 0.032570 0.029018
0 0.760563 0.840402 0.059859 0.012277
1 0.720070 0.840402 0.029930 0.020647
1 0.369718 0.851004 0.037852 0.029018
