0 0.639085 0.214286 0.065141 0.013393
1 0.591549 0.214286 0.039613 0.025112
1 0.728873 0.220424 0.040493 0.026786
0 0.436620 0.341518 0.060739 0.010603
1 0.390845 0.340960 0.037852 0.029018
0 0.746479 0.357701 0.033451 0.013393
1 0.713908 0.357701 0.040493 0.025670
1 0.849472 0.402344 0.026408 0.021205
1 0.512324 0.497768 0.040493 0.032366
1 0.521127 0.586496 0.035211 0.022321
2 0.303697 0.668527 0.026408 0.025112
1 0.966549 0.708147 0.031690 0.022321
0 0.587148 0.871094 0.033451 0.012277
1 0.560739 0.871094 0.028169 0.022321
