1 0.904930 0.015625 0.036972 0.030692
1 0.542253 0.011161 0.032570 0.022321
1 0.685739 0.014509 0.036972 0.029018
0 0.870599 0.055804 0.086268 0.010603
1 0.811620 0.055804 0.040493 0.025112
0 0.343310 0.089844 0.061620 0.013393
1 0.301056 0.089286 0.031690 0.021763
1 0.260563 0.101004 0.028169 0.020089
0 0.701585 0.113281 0.063380 0.012277
1 0.658451 0.113281 0.031690 0.022321
0 0.774648 0.186384 0.087148 0.011161
1 0.716549 0.186384 0.036972 0.029576
1 0.626761 0.222098 0.040493 0.025112
0 0.245599 0.230469 0.089789 0.012277
1 0.190141 0.231027 0.030810 0.020647
1 0.304577 0.243304 0.030810 0.020647
1 0.801056 0.257812 0.032570 0.021205
1 0.593310 0.262277 0.029930 0.020647
0 0.939261 0.280692 0.063380 0.011161
0 0.128521 0.289621 0.091549 0.013393
1 0.470951 0.286272 0.028169 0.020089
1 0.892606 0.280692 0.038732 0.033482
0 0.375880 0.295759 0.059859 0.012277
0 0.233275 0.301339 0.063380 0.014509
1 0.330986 0.295759 0.036972 0.029576
0 0.661092 0.309152 0.063380 0.011161
1 0.190141 0.301339 0.034331 0.031808
1 0.617958 0.309152 0.030810 0.021205
1 0.748239 0.331473 0.035211 0.022321
0 0.268486 0.347098 0.059859 0.010603
1 0.228873 0.347656 0.028169 0.022321
1 0.570423 0.350446 0.029049 0.020089
1 0.411092 0.364955 0.040493 0.026786
0 0.947183 0.405134 0.089789 0.014509
1 0.886444 0.405134 0.040493 0.025670
0 0.266725 0.413504 0.065141 0.012277
1 0.222711 0.413504 0.031690 0.022321
1 0.201585 0.429688 0.028169 0.020647
1 0.158451 0.425781 0.037852 0.029018
1 0.765845 0.467634 0.034331 0.031808
0 0.970070 0.512835 0.059859 0.012277
1 0.926937 0.512835 0.033451 0.022321
1 0.364437 0.523996 0.039613 0.033482
1 0.139085 0.542411 0.034331 0.030134
1 0.422535 0.554129 0.041373 0.025670
0 0.763204 0.571987 0.063380 0.014509
1 0.714789 0.572545 0.041373 0.034040
0 0.583627 0.595982 0.033451 0.008929
1 0.552817 0.595982 0.037852 0.029018
0 0.512324 0.619978 0.091549 0.014509
1 0.450704 0.619978 0.040493 0.025670
1 0.961268 0.635045 0.041373 0.025112
0 0.200704 0.646763 0.061620 0.014509
1 0.158451 0.646763 0.032570 0.021205
0 0.147007 0.654576 0.065141 0.013393
1 0.097711 0.654576 0.040493 0.032366
0 0.050176 0.668527 0.058099 0.011161
1 0.014085 0.668527 0.028169 0.022321
0 0.658451 0.696987 0.091549 0.012277
1 0.510563 0.703683 0.032570 0.022321
0 0.471831 0.719866 0.086268 0.010603
0 0.349472 0.720982 0.091549 0.012277
1 0.287852 0.720982 0.040493 0.025112
1 0.383803 0.738839 0.039613 0.025112
0 0.224472 0.791295 0.084507 0.011161
1 0.889965 0.782366 0.044014 0.034598
0 0.271127 0.799665 0.059859 0.012277
1 0.169014 0.791295 0.034331 0.031808
1 0.945423 0.790737 0.044014 0.034598
1 0.228873 0.799107 0.032570 0.020647
1 0.727993 0.854911 0.036972 0.030692
