1 0.224472 0.035156 0.029930 0.021205
0 0.378521 0.069754 0.033451 0.012277
1 0.346831 0.069754 0.037852 0.029018
0 0.574824 0.146205 0.033451 0.009487
1 0.546655 0.146205 0.031690 0.022879
1 0.038732 0.198661 0.041373 0.025112
0 0.273768 0.217076 0.061620 0.014509
1 0.226232 0.217076 0.042254 0.026786
0 0.810739 0.246094 0.061620 0.013393
1 0.094190 0.243862 0.031690 0.022321
1 0.764085 0.246094 0.039613 0.025670
1 0.264085 0.291295 0.036972 0.032366
2 0.698944 0.299665 0.036092 0.026786
1 0.669014 0.301339 0.041373 0.034040
0 0.972711 0.338728 0.054577 0.014509
2 0.626761 0.327009 0.055458 0.041853
0 0.390845 0.349330 0.065141 0.013393
1 0.927817 0.338728 0.044014 0.034598
1 0.345070 0.349330 0.035211 0.022321
0 0.627641 0.357143 0.035211 0.012277
1 0.568662 0.356027 0.032570 0.021763
1 0.595951 0.357143 0.036972 0.030692
1 0.685739 0.367188 0.036972 0.029576
1 0.472711 0.380580 0.031690 0.022321
1 0.036092 0.378348 0.036972 0.030134
1 0.868838 0.385045 0.029930 0.020647
1 0.269366 0.385045 0.037852 0.032924
1 0.419014 0.394531 0.032570 0.021205
1 0.735915 0.392857 0.040493 0.025112
2 0.370599 0.400670 0.042254 0.037946
0 0.533451 0.416295 0.058979 0.009487
1 0.489437 0.416853 0.036972 0.029018
2 0.734155 0.427455 0.029049 0.019531
1 0.694542 0.431920 0.040493 0.025670
1 0.448063 0.464286 0.036972 0.029576
2 0.472711 0.494978 0.022887 0.017857
1 0.954225 0.512277 0.035211 0.032924
1 0.607394 0.532924 0.033451 0.021205
0 0.875000 0.613839 0.085387 0.010603
1 0.816901 0.613839 0.039613 0.033482
2 0.841549 0.630580 0.023768 0.018973
1 0.975352 0.630580 0.030810 0.020089
1 0.242958 0.628348 0.034331 0.031808
0 0.587148 0.654576 0.065141 0.012277
0 0.768486 0.659040 0.035211 0.010045
1 0.735035 0.659040 0.040493 0.026786
1 0.968310 0.684152 0.041373 0.025112
1 0.301056 0.700893 0.038732 0.033482
0 0.959507 0.731027 0.034331 0.008929
1 0.926056 0.731027 0.038732 0.025112
0 0.219190 0.786272 0.063380 0.012277
1 0.175176 0.786272 0.033451 0.021205
1 0.913732 0.819196 0.029930 0.021205
0 0.121479 0.829799 0.063380 0.012277
1 0.080106 0.829799 0.028169 0.022321
1 0.521127 0.843192 0.036972 0.032366
0 0.285211 0.863839 0.066021 0.013393
1 0.239437 0.863839 0.031690 0.022879
2 0.100352 0.862165 0.032570 0.026786
2 0.913732 0.856027 0.079225 0.041295
0 0.442782 0.893973 0.061620 0.012277
1 0.400528 0.893973 0.029930 0.021205
0 0.591549 0.902902 0.033451 0.013393
1 0.564261 0.902902 0.029930 0.021205
