0 0.689261 0.087612 0.029930 0.012277
1 0.663732 0.087612 0.029930 0.021205
1 0.596831 0.142857 0.041373 0.034040
0 0.326585 0.179688 0.061620 0.012277
2 0.596831 0.180246 0.022887 0.018973
1 0.285211 0.179688 0.029930 0.021205
1 0.816901 0.229353 0.034331 0.030134
0 0.433979 0.260045 0.063380 0.011161
1 0.385563 0.260045 0.042254 0.026786
0 0.507923 0.273996 0.063380 0.013393
1 0.467430 0.273996 0.026408 0.021205
0 0.392606 0.285156 0.095070 0.012277
1 0.332746 0.285714 0.032570 0.021763
2 0.422535 0.325893 0.036092 0.030692
0 0.774648 0.339286 0.060739 0.009487
1 0.729753 0.339286 0.036972 0.029576
0 0.282570 0.365513 0.063380 0.011161
1 0.241197 0.364955 0.030810 0.020647
0 0.485035 0.374442 0.063380 0.011161
1 0.441901 0.374442 0.029930 0.021205
1 0.397007 0.393973 0.029930 0.020647
2 0.753521 0.397321 0.066901 0.042411
1 0.786092 0.420201 0.028169 0.020089
1 0.316901 0.502232 0.037852 0.032366
0 0.272007 0.518973 0.065141 0.013393
1 0.227113 0.518973 0.034331 0.030134
0 0.158451 0.556920 0.060739 0.010603
1 0.116197 0.556920 0.031690 0.022879
2 0.255282 0.573661 0.021127 0.017299
0 0.331866 0.641183 0.061620 0.012277
0 0.589789 0.642299 0.035211 0.012277
1 0.562500 0.642299 0.028169 0.020089
1 0.286972 0.640625 0.036972 0.030692
0 0.500880 0.716518 0.063380 0.012277
1 0.459507 0.716518 0.028169 0.022321
1 0.670775 0.796317 0.037852 0.029018
2 0.670775 0.841518 0.053697 0.039621
