1 0.198944 0.012277 0.040493 0.024554
0 0.744718 0.003348 0.034331 0.006138
1 0.713028 0.014509 0.036972 0.029018
2 0.532570 0.017299 0.054577 0.034598
0 0.978873 0.026786 0.042254 0.011161
1 0.941901 0.026786 0.039613 0.033482
1 0.375000 0.047991 0.028169 0.020089
0 0.653169 0.057478 0.059859 0.012277
1 0.607394 0.057478 0.040493 0.032366
1 0.850352 0.101562 0.034331 0.031808
1 0.683099 0.108817 0.030810 0.021205
1 0.904930 0.114397 0.033451 0.021205
0 0.566901 0.154018 0.063380 0.013393
1 0.522007 0.154018 0.035211 0.032924
2 0.419014 0.154018 0.046655 0.041295
0 0.427817 0.169643 0.033451 0.013393
1 0.400528 0.169643 0.029930 0.021205
1 0.771127 0.185826 0.041373 0.025670
1 0.066901 0.214844 0.042254 0.026786
0 0.920775 0.248884 0.063380 0.012277
2 0.473592 0.242188 0.059859 0.031250
1 0.879401 0.248884 0.028169 0.022321
0 0.804577 0.271763 0.061620 0.012277
1 0.527289 0.282924 0.042254 0.024554
1 0.044014 0.286830 0.034331 0.030134
1 0.257042 0.315290 0.036972 0.029018
1 0.748239 0.339286 0.040493 0.025670
1 0.858275 0.344866 0.038732 0.025112
1 0.564261 0.364955 0.029930 0.020647
1 0.085387 0.372210 0.040493 0.025670
1 0.165493 0.372768 0.036972 0.029576
2 0.582747 0.377232 0.052817 0.033482
1 0.536972 0.397321 0.032570 0.021205
1 0.029930 0.428571 0.029930 0.020647
2 0.536972 0.451451 0.039613 0.033482
1 0.137324 0.477121 0.037852 0.032366
0 0.858275 0.487723 0.033451 0.013393
1 0.826585 0.487723 0.038732 0.026786
0 0.982394 0.563616 0.035211 0.012277
1 0.953345 0.563616 0.031690 0.022321
1 0.552817 0.561384 0.036972 0.029576
1 0.223592 0.605469 0.040493 0.026786
1 0.281690 0.608259 0.040493 0.025670
0 0.544894 0.617188 0.059859 0.012277
1 0.500000 0.617188 0.039613 0.025112
1 0.735915 0.612723 0.039613 0.033482
0 0.400528 0.631696 0.086268 0.010603
1 0.343310 0.631696 0.036972 0.030134
1 0.875000 0.634487 0.036972 0.030134
2 0.528169 0.672991 0.040493 0.031808
1 0.577465 0.680804 0.031690 0.021205
1 0.625880 0.680246 0.038732 0.026786
1 0.329225 0.683594 0.032570 0.021205
0 0.063380 0.700335 0.061620 0.011161
1 0.959507 0.696987 0.029930 0.021205
1 0.022007 0.700335 0.029930 0.021205
1 0.890845 0.700893 0.031690 0.021763
1 0.686620 0.732701 0.037852 0.029018
1 0.978873 0.746652 0.039613 0.025112
1 0.043134 0.751116 0.029930 0.020647
0 0.647887 0.762277 0.063380 0.011161
0 0.503521 0.766741 0.058979 0.010045
2 0.489437 0.765067 0.030810 0.024554
1 0.600352 0.762277 0.040493 0.032366
1 0.458627 0.766741 0.040493 0.026786
1 0.290493 0.777344 0.031690 0.022321
1 0.187500 0.773996 0.036972 0.030134
0 0.184859 0.805246 0.087148 0.010045
2 0.081866 0.802455 0.045775 0.027344
1 0.131162 0.805246 0.028169 0.022321
1 0.602113 0.818080 0.032570 0.020647
1 0.809859 0.816406 0.037852 0.029018
2 0.290493 0.824777 0.045775 0.027344
0 0.542253 0.850446 0.065141 0.012277
1 0.697183 0.845982 0.030810 0.020647
1 0.495599 0.850446 0.036972 0.030134
1 0.376761 0.856027 0.029930 0.021205
2 0.697183 0.859375 0.030810 0.029576
1 0.595070 0.869420 0.030810 0.020647
1 0.251761 0.867188 0.036972 0.030692
2 0.376761 0.873884 0.044014 0.032924
2 0.595070 0.901228 0.023768 0.018973
