1 0.801937 0.022879 0.042254 0.026786
1 0.073063 0.045759 0.036972 0.029576
1 0.520247 0.080357 0.040493 0.025670
2 0.073944 0.099330 0.039613 0.029576
0 0.723592 0.110491 0.088028 0.010603
0 0.968310 0.114397 0.034331 0.008929
1 0.940141 0.114397 0.032570 0.021205
1 0.664613 0.110491 0.038732 0.033482
1 0.411972 0.120536 0.026408 0.021205
1 0.156690 0.121652 0.044014 0.034598
1 0.649648 0.150670 0.032570 0.021763
1 0.632042 0.180804 0.029930 0.020647
1 0.917253 0.191964 0.036972 0.023438
1 0.319542 0.214286 0.042254 0.026786
0 0.778169 0.226562 0.085387 0.010603
1 0.725352 0.226562 0.030810 0.020647
0 0.283451 0.238839 0.088028 0.012835
0 0.066021 0.243862 0.056338 0.011161
1 0.225352 0.239397 0.037852 0.032366
1 0.022007 0.243862 0.040493 0.025670
0 0.169014 0.259487 0.063380 0.011161
2 0.249120 0.271205 0.049296 0.043527
0 0.057218 0.349330 0.063380 0.013393
1 0.015845 0.349330 0.031690 0.021205
1 0.140845 0.371652 0.028169 0.020089
1 0.583627 0.379464 0.036972 0.029576
1 0.252641 0.391741 0.028169 0.022321
1 0.049296 0.395089 0.029930 0.021205
1 0.953345 0.479911 0.042254 0.024554
1 0.075704 0.513951 0.036092 0.032366
0 0.165493 0.525112 0.056338 0.011161
2 0.536972 0.533482 0.048415 0.030692
1 0.415493 0.555804 0.041373 0.025112
1 0.762324 0.561384 0.028169 0.022321
2 0.075704 0.569196 0.029930 0.022879
1 0.619718 0.570312 0.041373 0.025112
1 0.860035 0.573661 0.028169 0.020089
1 0.095070 0.594866 0.034331 0.031808
0 0.728873 0.628348 0.085387 0.010603
1 0.672535 0.628906 0.037852 0.029018
1 0.375000 0.654018 0.031690 0.022879
1 0.971831 0.650112 0.036092 0.032366
1 0.644366 0.667969 0.042254 0.024554
0 0.418134 0.713170 0.091549 0.012277
0 0.667253 0.718750 0.087148 0.011161
1 0.607394 0.718750 0.037852 0.032924
0 0.087148 0.771763 0.033451 0.011161
1 0.059859 0.771763 0.029930 0.021205
0 0.224472 0.811942 0.063380 0.013393
1 0.177817 0.811942 0.038732 0.026786
0 0.346831 0.825893 0.066901 0.013393
1 0.139085 0.819754 0.037852 0.029018
1 0.299296 0.825893 0.036972 0.029018
1 0.157570 0.834263 0.033451 0.021205
0 0.488556 0.851004 0.065141 0.013393
1 0.444542 0.851004 0.031690 0.022321
0 0.455986 0.871652 0.087148 0.011161
1 0.843310 0.868304 0.036972 0.029576
0 0.975352 0.878348 0.049296 0.013393
1 0.397007 0.871652 0.038732 0.033482
1 0.941021 0.878348 0.026408 0.021205
