0 0.240317 0.005580 0.063380 0.010603
1 0.191901 0.012277 0.041373 0.024554
0 0.827465 0.065290 0.059859 0.010045
1 0.786972 0.065290 0.030810 0.021205
1 0.412852 0.157366 0.040493 0.025670
0 0.556338 0.175223 0.059859 0.009487
1 0.253521 0.172433 0.041373 0.025670
1 0.511444 0.175781 0.038732 0.026786
0 0.817782 0.210938 0.065141 0.012277
1 0.769366 0.210938 0.040493 0.025670
1 0.629401 0.223214 0.042254 0.026786
0 0.331866 0.245536 0.033451 0.011161
2 0.134683 0.236607 0.040493 0.039062
1 0.301056 0.245536 0.036972 0.029018
0 0.155810 0.261161 0.063380 0.013393
1 0.455986 0.300223 0.040493 0.025670
1 0.958627 0.309152 0.031690 0.021763
0 0.382042 0.327567 0.061620 0.012277
1 0.336268 0.327567 0.037852 0.029018
1 0.174296 0.335938 0.032570 0.021205
0 0.646127 0.376116 0.063380 0.012277
0 0.384683 0.376116 0.065141 0.014509
1 0.804577 0.369420 0.037852 0.032366
0 0.066901 0.379464 0.091549 0.013393
1 0.343310 0.376116 0.026408 0.021205
1 0.600352 0.376116 0.036972 0.029576
1 0.019366 0.379464 0.037852 0.029018
1 0.299296 0.400670 0.037852 0.032924
0 0.971831 0.417411 0.035211 0.010045
1 0.943662 0.417411 0.030810 0.021205
2 0.358275 0.440848 0.063380 0.040179
0 0.375000 0.467634 0.058979 0.009487
0 0.214789 0.472656 0.033451 0.012277
0 0.810739 0.473772 0.061620 0.012277
1 0.329225 0.468192 0.040493 0.025670
1 0.188380 0.472656 0.028169 0.020089
1 0.764085 0.473772 0.040493 0.025670
0 0.078345 0.481585 0.093310 0.012277
1 0.021127 0.481585 0.029930 0.021205
2 0.414613 0.475446 0.047535 0.035156
1 0.414613 0.497768 0.028169 0.022321
0 0.330106 0.504464 0.061620 0.011161
1 0.290493 0.504464 0.029049 0.020089
1 0.661972 0.514509 0.032570 0.021205
2 0.792253 0.522879 0.032570 0.026786
1 0.887324 0.537946 0.038732 0.025112
1 0.477993 0.553571 0.036972 0.029576
0 0.974472 0.573661 0.033451 0.012277
1 0.947183 0.573661 0.029930 0.020647
0 0.181338 0.606027 0.058099 0.010603
1 0.138204 0.606027 0.036972 0.029576
1 0.806338 0.610491 0.037852 0.032924
0 0.727113 0.627790 0.087148 0.010045
1 0.672535 0.627790 0.030810 0.021205
1 0.517606 0.628348 0.036092 0.032366
1 0.264965 0.633929 0.036972 0.029576
0 0.881162 0.659598 0.056338 0.011161
1 0.838908 0.659598 0.036972 0.029576
1 0.519366 0.700893 0.038732 0.033482
1 0.348592 0.708705 0.032570 0.020647
0 0.234155 0.724888 0.087148 0.010045
1 0.179577 0.724330 0.030810 0.020647
2 0.301056 0.718750 0.057218 0.044085
1 0.283451 0.734933 0.028169 0.020089
1 0.550176 0.741629 0.040493 0.025670
2 0.367958 0.765625 0.035211 0.029576
1 0.858275 0.801897 0.040493 0.025670
0 0.478873 0.835938 0.058979 0.009487
1 0.437500 0.835379 0.031690 0.022321
1 0.616197 0.894531 0.030810 0.020089
