0 0.160211 0.060268 0.063380 0.012277
1 0.118838 0.060268 0.028169 0.022321
1 0.320423 0.119420 0.032570 0.021205
1 0.415493 0.139509 0.030810 0.020647
0 0.977113 0.191964 0.045775 0.014509
1 0.940141 0.191964 0.037852 0.032924
1 0.746479 0.222656 0.035211 0.022321
0 0.612676 0.230469 0.065141 0.012277
1 0.846831 0.231585 0.031690 0.022321
1 0.565141 0.231027 0.038732 0.025112
1 0.227993 0.232143 0.036972 0.029576
0 0.865317 0.292411 0.063380 0.013393
1 0.823944 0.292411 0.028169 0.020089
1 0.145246 0.310826 0.028169 0.022321
0 0.545775 0.316406 0.065141 0.012277
1 0.496479 0.316964 0.041373 0.034040
0 0.649648 0.357701 0.066021 0.013393
1 0.600352 0.357701 0.040493 0.025670
1 0.580986 0.400670 0.037852 0.032924
0 0.816901 0.427455 0.035211 0.010045
1 0.788732 0.427455 0.029930 0.020647
1 0.598592 0.446429 0.032570 0.020647
1 0.728873 0.465402 0.035211 0.032924
0 0.669014 0.604911 0.063380 0.013393
1 0.625880 0.604911 0.031690 0.021205
1 0.788732 0.601562 0.037852 0.029018
0 0.936620 0.619420 0.065141 0.013393
1 0.888204 0.619420 0.040493 0.025670
1 0.850352 0.626674 0.032570 0.021205
1 0.422535 0.638951 0.041373 0.025670
0 0.733275 0.648996 0.065141 0.012277
1 0.690141 0.648996 0.030810 0.021205
1 0.086268 0.664062 0.028169 0.020089
1 0.934859 0.677455 0.040493 0.025670
0 0.705986 0.737723 0.059859 0.009487
1 0.664613 0.738281 0.031690 0.021205
0 0.224472 0.791853 0.059859 0.012277
1 0.183099 0.791853 0.029930 0.021205
